5000
4107
4295
4509
4850
4865
4968
5004
5004
5004
5005
5009
5009
5011
5011
5014
5014
5015
5015
5016
5019
5019
5019
5021
5022
5023
5023
5023
5027
5027
5028
5028
5029
5032
5032
5033
5034
5036
5037
5038
5038
5038
5038
5040
5040
5044
5045
5046
5047
5047
5048
5048
5050
5051
5051
5054
5055
5055
5055
5058
5059
5060
5060
5060
5062
5064
5064
5066
5066
5068
5068
5068
5068
5071
5071
5074
5075
5075
5076
5077
5079
5079
5081
5081
5083
5084
5085
5085
5087
5087
5087
5088
5090
5091
5093
5093
5093
5096
5096
5098
5098
5098
5101
5101
5101
5103
5104
5104
5106
5107
5107
5110
5110
5112
5112
5113
5115
5116
5116
5116
5117
5120
5121
5121
5123
5124
5125
5126
5127
5128
5129
5130
5131
5132
5133
5134
5135
5136
5137
5138
5139
5140
5140
5140
5142
5143
5143
5144
5145
5145
5147
5148
5151
5151
5153
5153
5154
5156
5157
5157
5159
5159
5160
5162
5162
5162
5164
5166
5167
5167
5167
5170
5170
5170
5173
5173
5175
5175
5175
5178
5179
5180
5181
5181
5182
5184
5185
5186
5186
5187
5188
5189
5190
5190
5191
5194
5194
5196
5197
5198
5198
5198
5199
5202
5203
5203
5203
5203
5204
5205
5208
5210
5210
5211
5212
5213
5213
5214
5215
5215
5219
5220
5221
5222
5222
5222
5223
5224
5225
5225
5228
5228
5228
5232
5232
5234
5234
5234
5234
5235
5238
5238
5240
5241
5243
5243
5243
5243
5243
5247
5248
5249
5250
5251
5251
5251
5255
5255
5257
5257
5258
5260
5261
5262
5263
5263
5263
5266
5267
5268
5268
5268
5268
5268
5272
5273
5273
5276
5276
5276
5278
5278
5281
5282
5282
5283
5285
5285
5287
5288
5288
5288
5290
5291
5292
5292
5293
5296
5297
5297
5297
5297
5299
5301
5301
5301
5304
5304
5307
5307
5307
5310
5310
5312
5313
5313
5313
5316
5316
5316
5316
5318
5320
5320
5322
5324
5324
5325
5327
5328
5328
5329
5331
5331
5332
5333
5335
5336
5337
5338
5339
5339
5341
5341
5341
5344
5345
5345
5347
5347
5349
5350
5350
5351
5353
5354
5355
5356
5356
5356
5358
5359
5359
5361
5363
5364
5365
5366
5367
5368
5369
5370
5370
5371
5371
5373
5375
5376
5377
5378
5378
5378
5378
5380
5381
5384
5384
5386
5387
5388
5389
5390
5391
5392
5393
5394
5394
5396
5396
5398
5398
5399
5401
5401
5401
5402
5404
5404
5405
5405
5409
5410
5411
5411
5413
5413
5414
5415
5416
5417
5418
5419
5421
5422
5423
5424
5424
5426
5427
5428
5428
5428
5428
5428
5432
5434
5435
5436
5437
5437
5439
5439
5441
5442
5442
5444
5445
5445
5447
5447
5449
5450
5451
5451
5453
5454
5455
5455
5456
5456
5458
5459
5460
5461
5461
5463
5463
5465
5466
5467
5467
5470
5470
5471
5473
5474
5475
5475
5477
5478
5479
5480
5480
5481
5483
5483
5484
5484
5484
5484
5486
5488
5488
5489
5489
5494
5494
5495
5497
5498
5499
5499
5499
5500
5500
5501
5505
5506
5507
5508
5508
5509
5511
5512
5513
5513
5515
5516
5516
5518
5518
5519
5520
5521
5521
5523
5525
5525
5526
5527
5529
5529
5531
5531
5532
5534
5535
5535
5535
5538
5538
5538
5539
5541
5542
5543
5543
5544
5545
5548
5548
5549
5549
5549
5549
5549
5550
5556
5556
5557
5559
5560
5561
5562
5563
5564
5564
5565
5567
5568
5569
5570
5570
5570
5571
5573
5573
5575
5575
5575
5575
5578
5581
5582
5583
5583
5584
5584
5584
5586
5588
5590
5591
5592
5593
5593
5595
5596
5597
5597
5598
5600
5600
5601
5601
5601
5604
5605
5606
5608
5608
5609
5609
5612
5613
5614
5614
5614
5614
5616
5616
5618
5621
5621
5623
5624
5624
5626
5626
5627
5629
5629
5630
5632
5632
5633
5634
5636
5637
5638
5638
5639
5641
5641
5643
5644
5645
5645
5646
5648
5648
5648
5648
5649
5651
5652
5655
5656
5656
5656
5656
5660
5661
5661
5663
5663
5663
5663
5666
5666
5668
5669
5670
5670
5671
5671
5674
5674
5677
5678
5678
5679
5681
5682
5683
5683
5684
5684
5687
5688
5688
5689
5691
5692
5693
5693
5693
5696
5696
5696
5698
5700
5701
5702
5702
5704
5704
5704
5707
5708
5708
5710
5710
5710
5712
5712
5715
5715
5716
5718
5719
5719
5719
5721
5722
5724
5724
5725
5727
5727
5728
5730
5731
5731
5731
5733
5733
5733
5733
5733
5737
5738
5739
5740
5740
5743
5745
5746
5746
5748
5748
5748
5748
5748
5751
5751
5752
5755
5757
5757
5759
5760
5760
5761
5762
5763
5765
5766
5766
5768
5768
5768
5770
5772
5773
5773
5773
5775
5776
5776
5779
5779
5780
5781
5781
5783
5783
5785
5785
5786
5786
5787
5787
5787
5788
5794
5794
5794
5795
5798
5799
5799
5800
5802
5802
5804
5804
5805
5806
5808
5809
5810
5811
5811
5812
5813
5814
5815
5815
5815
5816
5817
5817
5822
5823
5823
5824
5824
5826
5826
5827
5829
5830
5832
5833
5834
5835
5836
5836
5837
5837
5839
5839
5839
5839
5841
5841
5844
5844
5846
5847
5850
5850
5850
5853
5854
5855
5855
5855
5858
5858
5859
5861
5862
5862
5863
5864
5864
5865
5868
5869
5869
5869
5871
5871
5872
5872
5873
5873
5875
5876
5876
5880
5882
5883
5883
5884
5886
5886
5886
5889
5890
5891
5891
5891
5892
5894
5895
5895
5897
5897
5900
5901
5901
5903
5904
5904
5904
5907
5908
5908
5910
5910
5910
5910
5913
5913
5916
5916
5917
5919
5919
5921
5921
5923
5924
5924
5925
5927
5928
5929
5930
5930
5931
5933
5933
5934
5935
5937
5938
5938
5938
5941
5942
5942
5942
5942
5943
5946
5946
5947
5949
5951
5951
5952
5954
5954
5956
5956
5958
5959
5960
5960
5960
5963
5964
5965
5965
5965
5968
5969
5970
5971
5971
5973
5973
5974
5976
5977
5978
5979
5980
5980
5982
5983
5984
5985
5985
5987
5988
5989
5990
5990
5990
5991
5991
5991
5996
5996
5997
5999
5999
6001
6002
6002
6004
6004
6005
6005
6008
6009
6010
6010
6011
6012
6012
6012
6014
6016
6018
6018
6018
6021
6022
6023
6024
6024
6026
6027
6028
6029
6030
6031
6031
6031
6033
6033
6036
6037
6037
6037
6037
6037
6042
6042
6042
6045
6045
6045
6047
6049
6049
6051
6051
6052
6053
6053
6054
6056
6058
6059
6060
6061
6061
6063
6063
6063
6063
6063
6068
6068
6068
6070
6070
6070
6074
6075
6076
6077
6078
6079
6080
6080
6080
6082
6082
6082
6082
6084
6086
6086
6086
6090
6092
6092
6093
6094
6095
6097
6098
6099
6100
6101
6101
6101
6101
6103
6104
6104
6106
6107
6110
6111
6112
6113
6113
6115
6116
6117
6117
6117
6120
6121
6121
6123
6124
6125
6126
6126
6126
6126
6129
6130
6130
6133
6134
6134
6135
6137
6138
6138
6140
6141
6142
6142
6144
6145
6145
6146
6146
6146
6146
6146
6148
6149
6151
6152
6156
6156
6157
6159
6159
6161
6161
6161
6163
6165
6166
6166
6166
6169
6169
6171
6171
6173
6174
6174
6174
6174
6175
6178
6180
6180
6180
6181
6182
6185
6185
6186
6186
6188
6188
6191
6191
6193
6193
6194
6195
6197
6197
6197
6197
6197
6201
6203
6204
6205
6206
6206
6206
6206
6206
6209
6212
6213
6213
6213
6213
6213
6216
6217
6220
6220
6220
6223
6224
6224
6225
6226
6228
6228
6228
6229
6232
6233
6233
6233
6234
6236
6236
6236
6239
6241
6241
6241
6242
6243
6243
6245
6247
6248
6248
6251
6252
6252
6252
6252
6256
6256
6256
6257
6260
6261
6261
6262
6263
6265
6265
6267
6268
6268
6269
6271
6271
6272
6272
6273
6275
6276
6276
6276
6279
6280
6280
6280
6283
6285
6285
6287
6287
6288
6289
6289
6290
6292
6294
6295
6295
6296
6297
6297
6297
6299
6301
6303
6304
6304
6305
6306
6306
6307
6310
6310
6311
6311
6312
6313
6315
6317
6318
6319
6320
6321
6321
6323
6323
6324
6324
6325
6325
6327
6329
6331
6331
6331
6333
6334
6336
6337
6338
6338
6340
6340
6341
6343
6343
6345
6345
6347
6347
6349
6349
6351
6352
6352
6352
6352
6354
6357
6358
6358
6359
6359
6359
6363
6364
6365
6366
6367
6367
6369
6370
6371
6371
6373
6373
6373
6375
6376
6377
6379
6380
6380
6381
6383
6383
6384
6386
6386
6388
6389
6390
6390
6390
6390
6390
6390
6393
6397
6398
6399
6400
6401
6402
6402
6404
6405
6406
6406
6407
6409
6409
6411
6411
6412
6413
6413
6414
6415
6418
6419
6419
6420
6422
6422
6422
6424
6426
6426
6428
6429
6429
6430
6432
6433
6434
6435
6436
6436
6436
6439
6440
6441
6441
6442
6444
6444
6445
6447
6448
6449
6449
6451
6452
6453
6454
6455
6456
6456
6458
6458
6460
6460
6462
6463
6464
6465
6465
6466
6467
6468
6470
6470
6470
6472
6474
6474
6474
6476
6476
6477
6480
6480
6480
6481
6483
6484
6485
6486
6487
6489
6490
6490
6492
6492
6493
6493
6494
6496
6496
6496
6500
6501
6501
6501
6501
6502
6503
6505
6508
6508
6509
6511
6512
6513
6513
6513
6515
6517
6517
6519
6519
6521
6522
6523
6524
6524
6525
6525
6525
6529
6530
6531
6532
6533
6533
6534
6536
6536
6537
6538
6538
6541
6542
6543
6544
6545
6545
6545
6545
6546
6550
6550
6551
6552
6553
6554
6556
6556
6558
6559
6560
6561
6562
6563
6563
6565
6565
6566
6567
6568
6570
6571
6571
6573
6573
6575
6576
6577
6577
6579
6579
6579
6582
6582
6582
6585
6586
6586
6588
6589
6589
6591
6591
6592
6592
6595
6595
6597
6598
6599
6599
6600
6602
6602
6602
6604
6606
6607
6607
6609
6610
6611
6612
6612
6612
6612
6616
6617
6618
6619
6620
6620
6622
6623
6624
6624
6626
6627
6627
6629
6629
6630
6631
6633
6634
6634
6634
6635
6635
6637
6640
6640
6642
6643
6643
6645
6645
6647
6648
6648
6648
6650
6652
6652
6654
6654
6656
6657
6657
6658
6658
6659
6660
6662
6663
6665
6666
6667
6667
6669
6669
6670
6671
6672
6673
6674
6674
6674
6674
6677
6677
6678
6681
6682
6684
6685
6685
6687
6687
6688
6688
6690
6691
6691
6693
6695
6696
6696
6696
6696
6700
6700
6701
6703
6704
6705
6705
6705
6705
6706
6706
6706
6706
6710
6711
6715
6715
6717
6718
6719
6719
6720
6720
6722
6723
6725
6726
6727
6727
6729
6730
6730
6732
6732
6733
6734
6736
6737
6737
6739
6740
6740
6740
6740
6740
6743
6745
6746
6746
6746
6747
6749
6752
6753
6754
6755
6755
6755
6758
6758
6759
6760
6762
6762
6763
6764
6764
6767
6767
6767
6770
6770
6772
6773
6773
6773
6776
6776
6778
6778
6780
6780
6780
6782
6782
6784
6786
6787
6788
6788
6789
6789
6791
6793
6793
6795
6795
6796
6798
6799
6799
6800
6800
6801
6802
6803
6804
6805
6808
6808
6810
6810
6810
6810
6811
6812
6814
6816
6818
6818
6818
6821
6822
6822
6824
6825
6825
6827
6828
6829
6829
6829
6832
6833
6833
6834
6835
6836
6837
6839
6840
6840
6840
6841
6844
6844
6845
6845
6848
6849
6850
6850
6852
6853
6853
6854
6854
6855
6858
6858
6859
6859
6862
6863
6864
6865
6866
6867
6867
6867
6868
6869
6870
6870
6873
6874
6875
6877
6878
6878
6880
6881
6882
6883
6884
6885
6885
6887
6887
6887
6888
6891
6892
6893
6893
6894
6895
6896
6898
6898
6898
6901
6901
6903
6903
6904
6905
6907
6908
6909
6909
6911
6912
6912
6914
6915
6915
6915
6915
6915
6916
6920
6920
6923
6924
6925
6925
6926
6927
6929
6929
6931
6932
6933
6933
6935
6935
6935
6935
6938
6938
6941
6942
6943
6943
6943
6944
6944
6945
6948
6950
6951
6951
6951
6954
6954
6956
6956
6956
6958
6960
6961
6962
6963
6964
6965
6966
6966
6968
6969
6969
6971
6972
6973
6973
6973
6976
6976
6978
6979
6980
6981
6981
6983
6984
6984
6986
6987
6987
6987
6987
6989
6990
6991
6994
6995
6996
6996
6998
6999
7000
7001
7001
7001
7004
7005
7005
7006
7006
7008
7009
7010
7010
7013
7013
7013
7015
7016
7018
7019
7020
7021
7022
7022
7024
7025
7025
7025
7027
7027
7027
7028
7032
7033
7033
7034
7035
7036
7038
7038
7040
7041
7041
7041
7041
7043
7046
7047
7048
7049
7049
7051
7051
7051
7054
7054
7055
7055
7058
7059
7059
7059
7060
7060
7064
7065
7065
7065
7065
7069
7070
7071
7071
7072
7074
7075
7076
7076
7076
7077
7077
7081
7082
7082
7083
7085
7086
7087
7088
7088
7089
7090
7091
7093
7094
7094
7094
7097
7097
7098
7100
7100
7102
7102
7102
7104
7106
7107
7107
7109
7109
7110
7111
7111
7114
7114
7115
7116
7117
7118
7120
7121
7121
7122
7124
7124
7125
7127
7128
7129
7130
7130
7130
7130
7131
7134
7135
7135
7136
7137
7139
7141
7141
7141
7144
7144
7145
7146
7146
7147
7149
7150
7151
7152
7154
7155
7155
7156
7157
7157
7158
7161
7162
7163
7164
7164
7165
7167
7168
7169
7169
7171
7172
7173
7173
7174
7175
7175
7176
7178
7180
7180
7180
7182
7182
7185
7185
7185
7187
7189
7189
7191
7192
7192
7194
7194
7196
7197
7198
7198
7199
7200
7202
7202
7202
7203
7203
7207
7208
7209
7210
7210
7210
7213
7213
7215
7215
7216
7216
7218
7219
7219
7219
7221
7221
7224
7224
7227
7227
7228
7228
7228
7230
7230
7234
7235
7236
7236
7236
7239
7240
7240
7240
7242
7243
7244
7244
7244
7248
7249
7250
7250
7250
7252
7252
7252
7253
7255
7255
7258
7260
7260
7262
7263
7263
7264
7264
7265
7267
7267
7269
7270
7271
7272
7274
7274
7275
7277
7277
7279
7279
7281
7282
7282
7283
7283
7283
7285
7287
7287
7287
7291
7291
7291
7292
7295
7295
7297
7298
7298
7298
7300
7300
7303
7303
7304
7306
7306
7306
7306
7308
7309
7309
7311
7314
7314
7314
7317
7318
7318
7318
7321
7322
7323
7324
7324
7324
7325
7326
7329
7330
7330
7332
7332
7333
7335
7336
7337
7338
7339
7339
7339
7342
7343
7343
7345
7345
7347
7348
7348
7349
7351
7352
7353
7353
7355
7355
7355
7358
7359
7359
7361
7361
7361
7363
7365
7366
7366
7366
7369
7370
7371
7371
7371
7374
7375
7376
7377
7378
7378
7380
7380
7380
7380
7380
7384
7384
7386
7386
7387
7387
7387
7388
7389
7390
7391
7395
7397
7397
7399
7399
7400
7402
7402
7403
7403
7404
7406
7407
7408
7409
7410
7411
7411
7411
7414
7416
7417
7417
7417
7418
7421
7422
7423
7424
7424
7424
7425
7427
7427
7430
7431
7432
7433
7433
7434
7434
7434
7435
7436
7436
7438
7441
7441
7442
7442
7442
7443
7445
7448
7449
7449
7452
7453
7454
7455
7456
7457
7457
7459
7460
7460
7460
7461
7462
7465
7465
7465
7468
7468
7470
7470
7472
7473
7474
7474
7474
7477
7478
7479
7480
7480
7481
7482
7483
7484
7486
7486
7488
7488
7489
7491
7492
7492
7492
7492
7492
7493
7495
7498
7500
7501
7502
7503
7503
7503
7504
7504
7508
7509
7510
7511
7512
7513
7513
7515
7516
7517
7517
7519
7519
7521
7521
7521
7523
7525
7526
7527
7528
7528
7529
7531
7531
7533
7533
7534
7536
7536
7537
7539
7539
7541
7541
7543
7543
7545
7545
7545
7545
7549
7549
7550
7552
7553
7553
7555
7555
7555
7558
7558
7558
7559
7561
7561
7564
7564
7566
7566
7566
7566
7568
7571
7571
7571
7573
7574
7574
7574
7578
7578
7578
7579
7579
7582
7582
7584
7585
7586
7586
7588
7589
7590
7590
7593
7594
7594
7595
7597
7598
7598
7599
7601
7601
7602
7603
7605
7605
7605
7605
7605
7606
7608
7611
7611
7613
7613
7613
7617
7617
7618
7619
7621
7622
7623
7624
7624
7624
7627
7627
7627
7627
7629
7631
7632
7634
7634
7636
7636
7637
7639
7639
7641
7641
7641
7641
7641
7645
7647
7648
7648
7650
7650
7650
7652
7654
7655
7656
7656
7656
7657
7659
7659
7662
7663
7664
7664
7665
7666
7666
7666
7667
7668
7668
7673
7673
7674
7676
7676
7678
7678
7679
7681
7681
7681
7682
7683
7684
7684
7684
7689
7690
7690
7692
7693
7694
7694
7694
7696
7697
7698
7700
7700
7702
7702
7703
7705
7706
7706
7708
7708
7709
7709
7712
7713
7714
7715
7716
7717
7718
7718
7718
7720
7722
7723
7723
7723
7726
7726
7726
7728
7730
7730
7731
7733
7733
7733
7734
7737
7738
7738
7740
7741
7741
7743
7744
7744
7744
7747
7748
7748
7750
7750
7751
7752
7753
7753
7754
7757
7758
7759
7760
7760
7760
7763
7763
7765
7765
7766
7767
7769
7769
7771
7771
7772
7774
7774
7775
7776
7777
7779
7780
7781
7782
7782
7782
7784
7786
7786
7788
7788
7788
7788
7789
7789
7790
7791
7791
7792
7793
7797
7797
7801
7801
7801
7802
7805
7805
7805
7805
7806
7809
7809
7810
7811
7811
7812
7814
7815
7816
7819
7820
7821
7821
7821
7821
7821
7823
7827
7828
7829
7829
7829
7831
7831
7833
7834
7834
7834
7835
7835
7835
7835
7841
7841
7841
7843
7846
7846
7846
7846
7848
7851
7851
7853
7854
7854
7854
7856
7857
7858
7860
7860
7861
7863
7864
7865
7866
7867
7867
7869
7870
7871
7871
7873
7874
7874
7875
7876
7876
7878
7878
7879
7882
7883
7884
7884
7884
7887
7888
7888
7888
7889
7892
7893
7893
7893
7895
7896
7896
7899
7900
7900
7902
7902
7903
7904
7906
7907
7907
7907
7910
7910
7912
7913
7913
7915
7916
7916
7918
7918
7919
7920
7920
7920
7920
7921
7922
7922
7928
7929
7930
7931
7931
7933
7934
7935
7935
7936
7938
7938
7938
7940
7941
7941
7942
7943
7946
7947
7947
7947
7949
7951
7951
7952
7953
7954
7954
7957
7957
7959
7959
7961
7962
7962
7962
7964
7965
7966
7967
7969
7969
7970
7971
7971
7974
7974
7976
7977
7978
7979
7980
7980
7981
7981
7984
7985
7986
7986
7988
7989
7990
7991
7991
7993
7994
7994
7995
7995
7996
7998
7999
8000
8002
8003
8004
8004
8005
8006
8006
8007
8008
8011
8011
8013
8013
8013
8015
8017
8017
8018
8018
8020
8021
8022
8022
8023
8025
8025
8026
8029
8030
8031
8032
8032
8034
8034
8034
8035
8035
8038
8039
8039
8041
8043
8043
8043
8046
8047
8048
8048
8050
8050
8051
8051
8053
8053
8053
8057
8057
8059
8059
8060
8060
8062
8064
8064
8064
8067
8067
8068
8068
8070
8072
8072
8073
8073
8074
8077
8078
8078
8078
8078
8082
8082
8083
8084
8085
8087
8088
8088
8088
8090
8090
8093
8093
8095
8096
8096
8098
8099
8099
8099
8102
8103
8103
8103
8103
8107
8107
8109
8109
8110
8112
8112
8114
8115
8115
8116
8118
8119
8119
8120
8122
8123
8123
8124
8125
8126
8126
8129
8129
8130
8130
8130
8130
8130
8130
8136
8136
8139
8139
8139
8140
8142
8143
8145
8146
8147
8147
8148
8149
8150
8150
8150
8153
8154
8154
8157
8158
8159
8160
8161
8161
8162
8164
8164
8164
8165
8165
8165
8168
8171
8172
8173
8173
8175
8175
8177
8178
8179
8180
8181
8181
8183
8183
8185
8186
8186
8186
8186
8189
8190
8190
8192
8194
8195
8195
8196
8198
8199
8199
8201
8202
8202
8203
8205
8206
8207
8207
8208
8209
8210
8211
8213
8214
8214
8216
8217
8217
8218
8219
8221
8222
8222
8222
8222
8226
8227
8228
8228
8229
8230
8232
8232
8233
8235
8235
8236
8237
8239
8239
8241
8242
8242
8243
8243
8243
8244
8246
8248
8250
8251
8251
8253
8254
8254
8255
8257
8258
8259
8260
8260
8261
8263
8264
8264
8266
8266
8267
8268
8270
8270
8272
8273
8273
8274
8276
8277
8278
8279
8280
8281
8281
8283
8284
8284
8284
8286
8288
8288
8289
8290
8290
8291
8293
8293
8294
8297
8297
8298
8298
8298
8298
8299
8303
8303
8304
8306
8308
8309
8309
8311
8312
8312
8312
8312
8315
8316
8317
8318
8319
8319
8320
8321
8321
8322
8325
8327
8328
8328
8328
8331
8332
8333
8334
8335
8336
8337
8337
8338
8338
8341
8341
8341
8342
8344
8344
8344
8347
8348
8350
8351
8352
8352
8353
8353
8355
8356
8358
8359
8360
8361
8362
8362
8363
8363
8365
8366
8368
8368
8368
8368
8369
8369
8372
8375
8376
8377
8378
8378
8380
8381
8382
8383
8384
8385
8386
8387
8388
8389
8389
8391
8391
8393
8393
8395
8395
8397
8398
8398
8398
8399
8399
8400
8401
8401
8402
8402
8402
8402
8405
8407
8410
8412
8413
8415
8416
8417
8418
8419
8420
8420
8420
8421
8424
8425
8426
8426
8427
8429
8429
8429
8431
8431
8433
8435
8435
8437
8437
8437
8437
8437
8438
8439
8441
8442
8444
8444
8447
8447
8450
8451
8452
8453
8454
8454
8455
8457
8457
8457
8460
8461
8462
8462
8463
8463
8466
8467
8468
8468
8469
8471
8471
8473
8473
8473
8476
8476
8476
8476
8479
8479
8481
8483
8483
8485
8486
8486
8487
8488
8490
8491
8491
8493
8493
8493
8494
8494
8496
8496
8500
8501
8501
8501
8501
8501
8506
8507
8507
8508
8508
8511
8511
8513
8513
8515
8516
8517
8518
8519
8520
8520
8520
8521
8522
8525
8525
8525
8528
8528
8530
8530
8530
8533
8534
8534
8536
8537
8537
8538
8540
8541
8542
8542
8543
8543
8543
8547
8548
8549
8550
8551
8552
8553
8553
8553
8556
8557
8558
8559
8560
8560
8561
8561
8561
8561
8562
8567
8567
8568
8570
8570
8571
8573
8573
8573
8574
8575
8577
8579
8580
8580
8580
8581
8583
8583
8583
8586
8586
8589
8590
8590
8591
8593
8593
8593
8595
8596
8598
8599
8599
8599
8600
8601
8602
8605
8606
8607
8607
8608
8609
8610
8610
8612
8613
8615
8615
8615
8616
8619
8620
8621
8622
8622
8623
8625
8625
8627
8627
8629
8630
8630
8632
8633
8634
8635
8635
8637
8638
8639
8640
8640
8641
8641
8643
8645
8645
8646
8646
8646
8648
8649
8650
8651
8653
8655
8656
8657
8657
8659
8660
8661
8662
8663
8663
8665
8666
8666
8666
8666
8666
8667
8671
8673
8674
8674
8675
8675
8675
8679
8679
8680
8682
8683
8683
8685
8685
8686
8688
8689
8689
8691
8691
8691
8692
8694
8694
8694
8694
8694
8696
8696
8701
8701
8703
8704
8706
8706
8706
8708
8709
8711
8711
8713
8713
8715
8715
8715
8715
8717
8718
8721
8722
8723
8723
8724
8726
8726
8727
8728
8728
8730
8732
8733
8734
8735
8735
8735
8736
8737
8740
8741
8742
8742
8742
8744
8744
8744
8748
8749
8750
8751
8751
8751
8751
8755
8755
8755
8755
8755
8759
8760
8760
8763
8764
8765
8766
8767
8767
8769
8769
8770
8770
8772
8772
8775
8775
8776
8776
8777
8779
8780
8782
8783
8783
8785
8786
8786
8788
8788
8789
8790
8792
8792
8793
8794
8795
8795
8795
8798
8799
8800
8800
8800
8801
8803
8803
8803
8807
8809
8810
8811
8812
8812
8813
8815
8815
8817
8818
8819
8819
8821
8822
8823
8823
8823
8824
8824
8825
8828
8829
8829
8832
8832
8833
8835
8835
8837
8837
8838
8840
8840
8841
8842
8844
8845
8845
8847
8848
8849
8849
8849
8851
8851
8851
8851
8855
8856
8857
8859
8859
8861
8862
8862
8862
8863
8864
8867
8868
8868
8870
8871
8871
8873
8873
8873
8874
8875
8877
8879
8880
8880
8881
8883
8884
8884
8886
8887
8887
8889
8889
8889
8889
8890
8894
8894
8894
8894
8896
8898
8899
8901
8901
8901
8901
8903
8906
8906
8908
8908
8909
8910
8910
8913
8913
8913
8916
8916
8917
8918
8919
8920
8921
8921
8922
8922
8925
8925
8927
8928
8929
8931
8931
8932
8932
8935
8935
8936
8938
8939
8940
8941
8942
8943
8943
8943
8944
8946
8946
8949
8950
8951
8951
8952
8953
8953
8956
8957
8958
8959
8959
8960
8962
8963
8963
8964
8966
8966
8966
8968
8970
8970
8972
8972
8973
8974
8975
8975
8975
8979
8979
8980
8982
8983
8984
8984
8985
8986
8988
8988
8990
8991
8991
8991
8992
8994
8994
8994
8997
8998
8999
9001
9002
9002
9003
9003
9005
9007
9007
9007
9008
9009
9010
9011
9011
9011
9011
9015
9017
9019
9020
9021
9022
9023
9024
9025
9026
9026
9028
9029
9030
9030
9032
9032
9033
9034
9036
9037
9037
9038
9040
9041
9042
9042
9043
9044
9044
9044
9044
9049
9050
9051
9051
9052
9052
9052
9056
9056
9057
9058
9059
9060
9062
9062
9062
9062
9062
9063
9064
9066
9068
9070
9070
9070
9073
9074
9075
9077
9078
9078
9078
9079
9081
9082
9083
9083
9086
9087
9088
9088
9088
9088
9088
9091
9094
9095
9096
9097
9097
9099
9099
9101
9102
9102
9103
9104
9106
9107
9107
9108
9109
9111
9111
9111
9113
9115
9116
9117
9118
9118
9118
9119
9120
9122
9122
9125
9125
9127
9128
9129
9129
9130
9131
9132
9134
9134
9135
9136
9138
9138
9139
9140
9142
9142
9143
9144
9144
9144
9144
9144
9148
9149
9151
9153
9153
9155
9156
9156
9158
9158
9160
9161
9162
9163
9163
9163
9165
9166
9167
9168
9170
9170
9170
9172
9173
9173
9175
9176
9178
9178
9178
9178
9180
9183
9183
9185
9185
9187
9188
9188
9188
9189
9192
9193
9193
9194
9195
9195
9198
9199
9200
9200
9201
9202
9204
9205
9205
9205
9208
9209
9210
9211
9212
9213
9214
9214
9216
9216
9216
9218
9219
9220
9222
9223
9223
9223
9225
9227
9227
9227
9229
9229
9229
9233
9233
9235
9235
9235
9236
9238
9238
9238
9241
9242
9244
9244
9246
9246
9246
9247
9247
9247
9249
9251
9252
9253
9256
9256
9256
9257
9259
9260
9262
9263
9264
9264
9264
9266
9267
9267
9267
9267
9272
9272
9274
9274
9276
9276
9277
9279
9280
9280
9282
9282
9282
9284
9285
9287
9287
9289
9290
9291
9291
9291
9293
9295
9295
9297
9297
9297
9298
9301
9302
9302
9302
9304
9305
9306
9307
9307
9307
9311
9312
9313
9314
9314
9315
9317
9318
9318
9318
9320
9321
9323
9323
9324
9326
9327
9327
9329
9330
9331
9332
9332
9333
9333
9334
9335
9336
9337
9337
9337
9341
9343
9344
9344
9346
9347
9348
9349
9349
9350
9352
9352
9352
9354
9356
9356
9358
9358
9360
9361
9361
9362
9363
9364
9364
9366
9367
9369
9370
9370
9371
9373
9374
9375
9375
9376
9378
9379
9380
9381
9382
9383
9384
9385
9386
9387
9388
9389
9389
9391
9391
9392
9394
9394
9396
9396
9397
9397
9397
9398
9398
9398
9399
9405
9406
9406
9407
9407
9409
9411
9412
9412
9413
9414
9416
9417
9417
9419
9419
9421
9422
9422
9423
9424
9424
9426
9426
9429
9429
9429
9432
9432
9434
9435
9436
9436
9436
9437
9439
9439
9439
9442
9442
9443
9444
9444
9447
9447
9449
9451
9452
9453
9453
9455
9455
9455
9455
9458
9458
9461
9462
9462
9464
9465
9465
9466
9466
9468
9470
9470
9471
9471
9471
9473
9473
9477
9478
9478
9480
9481
9481
9483
9483
9485
9485
9487
9487
9487
9487
9487
9488
9492
9493
9495
9496
9496
9496
9496
9496
9500
9501
9502
9504
9504
9505
9506
9506
9509
9509
9509
9511
9511
9511
9512
9515
9515
9517
9517
9519
9520
9521
9522
9524
9524
9526
9527
9528
9529
9529
9531
9532
9533
9533
9535
9535
9535
9538
9539
9539
9539
9541
9541
9542
9545
9546
9547
9548
9549
9549
9551
9551
9552
9553
9555
9556
9556
9557
9559
9559
9559
9560
9561
9563
9565
9565
9567
9567
9567
9568
9571
9572
9573
9573
9574
9575
9576
9577
9578
9578
9581
9581
9583
9584
9584
9584
9586
9586
9589
9589
9591
9592
9593
9594
9594
9596
9596
9598
9599
9600
9601
9601
9603
9603
9603
9604
9606
9608
9608
9610
9610
9612
9613
9614
9615
9615
9617
9617
9618
9619
9620
9620
9620
9622
9622
9624
9624
9627
9629
9629
9631
9631
9631
9633
9633
9633
9637
9638
9638
9638
9638
9639
9641
9643
9643
9645
9645
9648
9649
9650
9650
9651
9653
9654
9655
9656
9657
9657
9659
9660
9661
9661
9663
9664
9665
9666
9666
9667
9668
9669
9670
9671
9673
9673
9674
9676
9676
9677
9679
9680
9680
9682
9682
9682
9683
9683
9685
9686
9689
9689
9691
9691
9691
9691
9692
9695
9696
9698
9698
9698
9698
9700
9701
9704
9705
9706
9707
9707
9709
9710
9710
9712
9712
9714
9715
9715
9715
9717
9718
9720
9721
9722
9723
9724
9725
9726
9726
9728
9729
9729
9731
9732
9733
9733
9733
9736
9737
9737
9739
9740
9740
9740
9743
9743
9743
9745
9746
9748
9748
9750
9751
9751
9753
9754
9754
9756
9756
9757
9758
9758
9761
9761
9762
9762
9763
9764
9766
9767
9768
9770
9770
9772
9773
9774
9774
9774
9777
9778
9778
9778
9778
9780
9781
9782
9784
9786
9786
9786
9786
9788
9791
9792
9792
9792
9793
9794
9795
9797
9798
9800
9800
9801
9803
9803
9803
9806
9806
9806
9809
9809
9810
9811
9813
9813
9815
9816
9816
9818
9818
9820
9821
9822
9822
9824
9824
9826
9827
9827
9828
9830
9831
9831
9831
9834
9834
9836
9837
9838
9838
9839
9839
9841
9842
9844
9845
9846
9847
9847
9848
9850
9850
9851
9851
9854
9855
9855
9857
9857
9859
9860
9861
9862
9863
9863
9863
9865
9865
9865
9867
9869
9869
9872
9872
9872
9873
9873
9877
9878
9879
9880
9881
9882
9882
9882
9883
9885
9887
9888
9888
9888
9891
9892
9893
9893
9894
9895
9897
9898
9899
9900
9901
9902
9903
9903
9903
9904
9906
9906
9908
9910
9911
9912
9912
9914
9915
9915
9916
9916
9916
9917
9921
9922
9923
9923
9925
9925
9927
9928
9928
9928
9931
9932
9932
9934
9935
9936
9937
9937
9939
9939
9940
9940
9941
9943
9944
9945
9947
9948
9949
9950
9950
9950
9950
9954
9955
9956
9956
9956
9958
9959
9959
9962
9962
9964
9964
9965
9965
9966
9967
9967
9968
9968
9968
9969
9972
9973
9977
9977
9977
9977
9979
9981
9981
9982
9983
9984
9984
9985
9989
9989
9991
9992
9992
9994
9994
9994
9996
9997
9998
