2 13
1000
2 13 4432
2 14 4303
2 15 6972
2 17 8624
2 17 141
2 18 4589
2 20 5430
2 22 9994
2 22 7738
2 23 7035
2 25 672
2 26 7597
2 27 2055
2 29 3289
2 30 2206
2 31 7066
2 32 5489
2 32 4467
2 34 9553
2 35 7285
2 35 183
2 35 3530
2 37 635
2 39 6444
2 40 4200
2 40 9245
2 41 3179
2 43 8792
2 44 6802
2 46 54
2 46 2771
2 48 9872
2 48 3690
2 49 3020
2 50 1908
2 50 7452
2 50 2228
2 51 5516
2 52 9078
2 52 8839
2 54 4989
2 56 47
2 57 1859
2 59 1369
2 59 3191
3 0 2311
3 0 5171
3 0 5000
3 0 2152
3 2 3917
3 2 3113
3 2 2191
3 2 3432
3 4 5862
3 6 906
3 7 8944
3 8 7412
3 9 878
3 11 8940
3 13 4753
3 14 6678
3 14 9697
3 14 8823
3 15 1420
3 16 8835
3 16 392
3 16 2762
3 18 4859
3 18 7536
3 18 8839
3 18 6733
3 19 5401
3 19 3827
3 19 6921
3 21 4219
3 21 3122
3 21 192
3 22 6870
3 23 630
3 24 4346
3 26 991
3 27 2973
3 27 9705
3 27 9117
3 29 802
3 30 2766
3 30 7292
3 31 3669
3 32 8939
3 32 3512
3 34 2641
3 34 1022
3 35 8310
3 36 5405
3 38 3774
3 40 1110
3 41 6500
3 41 4022
3 43 1704
3 45 3702
3 47 95
3 48 7135
3 49 1799
3 49 9322
3 51 2083
3 52 8770
3 54 2662
3 54 3201
3 55 807
3 55 4367
3 57 3598
3 59 5480
4 0 308
4 0 5031
4 2 3851
4 2 6360
4 3 5080
4 5 10
4 6 2317
4 6 3235
4 7 6914
4 8 7805
4 9 9524
4 11 9554
4 12 2651
4 13 5155
4 13 778
4 14 7620
4 15 8632
4 17 7692
4 17 2072
4 19 8405
4 20 1972
4 22 6164
4 23 1406
4 24 8492
4 25 7818
4 25 3442
4 25 7688
4 25 9304
4 27 5051
4 28 2924
4 28 8167
4 29 9491
4 29 6439
4 30 8248
4 30 3579
4 31 7661
4 33 6242
4 35 4799
4 36 6194
4 37 5989
4 38 6803
4 39 8908
4 40 4213
4 41 4507
4 41 7259
4 41 5649
4 42 7602
4 44 7668
4 45 214
4 47 7126
4 49 1052
4 49 8830
4 51 1109
4 51 9710
4 53 5451
4 54 552
4 54 970
4 54 9399
4 56 8472
4 58 6018
4 58 6489
4 59 5165
4 59 643
5 1 4339
5 1 8536
5 3 3546
5 3 3328
5 3 6823
5 5 8274
5 7 4
5 8 5022
5 10 3546
5 11 5112
5 11 3876
5 12 5527
5 12 8207
5 13 8149
5 15 6495
5 15 5612
5 15 9700
5 17 93
5 17 7295
5 18 532
5 18 5622
5 20 6059
5 22 6486
5 23 9599
5 23 2263
5 23 9720
5 24 6634
5 24 5496
5 24 3788
5 26 7579
5 26 3375
5 27 6641
5 29 5839
5 31 50
5 31 4387
5 32 4743
5 32 6890
5 34 4395
5 36 9328
5 37 1555
5 38 1674
5 38 9826
5 40 5728
5 41 4462
5 43 7100
5 43 7727
5 45 1962
5 46 2377
5 47 3233
5 49 5355
5 50 7194
5 52 7914
5 54 6206
5 56 1734
5 56 9089
5 57 2409
5 58 973
6 0 8746
6 2 8612
6 3 4783
6 4 5427
6 5 6851
6 5 7453
6 6 1582
6 7 1793
6 7 2289
6 9 9183
6 9 6225
6 10 2641
6 12 2538
6 12 5134
6 14 2537
6 15 2623
6 16 6497
6 17 5100
6 17 3332
6 19 6906
6 19 1533
6 21 9424
6 23 1616
6 23 3773
6 23 3254
6 24 8663
6 24 3539
6 25 2358
6 27 9222
6 27 8448
6 29 9350
6 29 2327
6 30 8322
6 32 4095
6 34 1650
6 36 1831
6 37 7591
6 39 178
6 40 880
6 40 7382
6 41 852
6 41 577
6 43 4869
6 44 105
6 46 5704
6 46 7076
6 48 5699
6 49 2278
6 49 5631
6 51 3524
6 52 1032
6 54 3355
6 55 8929
6 57 7916
6 57 270
6 57 4708
6 57 7043
6 59 9054
7 1 1781
7 2 1324
7 3 2169
7 5 2790
7 6 8744
7 7 6019
7 8 9177
7 8 6609
7 8 1267
7 10 8732
7 10 6585
7 12 9115
7 13 8038
7 14 7580
7 16 5166
7 17 6270
7 18 8606
7 20 5470
7 22 7685
7 24 9775
7 25 3782
7 27 6252
7 29 6645
7 29 491
7 31 2134
7 32 8572
7 33 3232
7 35 3938
7 35 3614
7 37 3774
7 38 1771
7 39 9301
7 40 5851
7 42 5116
7 44 221
7 44 8334
7 44 868
7 45 610
7 47 5363
7 49 3721
7 51 5251
7 51 6807
7 51 8790
7 53 2080
7 55 8416
7 57 1519
7 57 8310
7 59 8442
8 0 9594
8 1 9621
8 3 1081
8 4 3652
8 4 3413
8 5 8494
8 7 275
8 7 1743
8 9 5552
8 11 8635
8 11 5988
8 13 2230
8 13 5607
8 13 4704
8 13 1179
8 13 4107
8 15 593
8 15 5623
8 16 4812
8 16 2396
8 18 9974
8 19 7763
8 19 2602
8 20 7167
8 20 8642
8 22 8634
8 23 7188
8 24 4194
8 24 8723
8 24 3180
8 26 2646
8 26 5942
8 26 4766
8 28 1107
8 29 4271
8 30 1207
8 30 662
8 31 2822
8 33 299
8 34 8557
8 35 1672
8 36 338
8 36 3302
8 36 8562
8 38 6801
8 40 9251
8 40 4324
8 40 9484
8 40 7633
8 42 4659
8 42 8649
8 43 1723
8 43 8151
8 44 241
8 45 1022
8 46 5252
8 47 5607
8 48 3373
8 49 7228
8 51 999
8 51 7029
8 52 8391
8 54 3240
8 54 2473
8 54 6834
8 56 5572
8 58 9611
8 58 2181
8 59 3909
9 1 5963
9 3 6756
9 4 2482
9 6 4911
9 8 9351
9 8 4056
9 8 7968
9 8 1171
9 9 8203
9 10 584
9 11 9404
9 11 3096
9 11 7764
9 13 6561
9 15 4880
9 17 3416
9 19 6631
9 21 3894
9 23 246
9 25 5112
9 27 2163
9 28 3021
9 29 2863
9 30 3853
9 30 3242
9 30 7735
9 32 1500
9 32 7694
9 34 4246
9 35 4873
9 35 5881
9 35 6292
9 36 505
9 38 7163
9 38 1693
9 38 6420
9 39 5819
9 40 3542
9 41 381
9 43 299
9 45 2320
9 46 6958
9 48 6496
9 48 1332
9 49 6727
9 50 2943
9 51 1111
9 52 5036
9 53 7486
9 54 4813
9 54 8768
9 54 3594
9 54 4705
9 54 4140
9 55 989
9 56 8516
9 56 2103
9 58 8083
10 0 2966
10 2 1956
10 2 7102
10 4 8936
10 5 9998
10 5 4450
10 6 6500
10 6 9513
10 6 5456
10 6 7155
10 7 528
10 8 7903
10 10 1669
10 11 6978
10 11 2921
10 13 4009
10 15 9317
10 15 613
10 17 9788
10 19 8015
10 20 5707
10 21 6894
10 21 865
10 22 4303
10 23 1816
10 25 1401
10 26 7307
10 28 8103
10 28 4128
10 29 4191
10 31 2805
10 32 938
10 34 4194
10 35 6168
10 37 351
10 37 4123
10 38 4292
10 40 5778
10 41 9099
10 43 7027
10 43 6570
10 43 4363
10 43 993
10 43 3944
10 45 8586
10 47 8496
10 48 5914
10 50 5290
10 52 615
10 52 9080
10 52 8044
10 53 6555
10 53 696
10 53 2928
10 55 6466
10 55 802
10 56 2838
10 57 9014
10 58 9833
10 59 6616
11 0 6971
11 0 8198
11 1 4179
11 1 6587
11 2 1651
11 4 2613
11 6 4264
11 7 426
11 8 5533
11 8 525
11 8 2541
11 8 9291
11 10 3205
11 11 6003
11 11 3872
11 11 3148
11 13 3399
11 13 8823
11 15 4755
11 15 9298
11 15 6392
11 16 4929
11 16 4363
11 17 3619
11 17 3810
11 17 6825
11 18 3848
11 20 1849
11 22 6190
11 22 983
11 24 8151
11 26 9990
11 26 668
11 28 7790
11 29 9067
11 30 8494
11 31 4722
11 33 6324
11 33 2120
11 33 1110
11 35 3779
11 35 7263
11 36 692
11 38 3687
11 39 9147
11 41 6221
11 43 7779
11 45 5156
11 47 9234
11 49 2453
11 51 1449
11 53 9016
11 53 2660
11 54 9775
11 56 6375
11 56 4776
11 56 4061
11 57 7370
11 59 6480
12 0 4588
12 1 7911
12 1 524
12 2 7816
12 4 8666
12 6 2046
12 7 2163
12 8 5449
12 9 4972
12 10 700
12 12 1670
12 14 7284
12 16 3966
12 16 8675
12 18 4796
12 19 5678
12 21 2596
12 21 1763
12 22 5959
12 23 8958
12 24 6409
12 24 2503
12 24 7590
12 24 1411
12 24 2179
12 26 1692
12 26 2462
12 27 4723
12 27 6585
12 29 9956
12 30 6550
12 32 2022
12 32 3813
12 32 2707
12 33 6996
12 35 4680
12 36 4727
12 36 8307
12 38 4841
12 38 4473
12 39 7058
12 41 4683
12 43 7664
12 43 4428
12 43 5762
12 44 1820
12 45 9926
12 45 5620
12 47 4709
12 49 687
12 50 3113
12 52 7732
12 53 6723
12 54 5045
12 56 5934
12 58 6082
13 0 4330
13 0 7011
13 0 9604
13 1 4446
13 1 3047
13 3 8491
13 4 5092
13 5 6448
13 7 8921
13 8 6863
13 9 1050
13 11 2589
13 12 6336
13 14 3216
13 15 8101
13 15 4934
13 16 9758
13 16 2971
13 18 1294
13 18 9927
13 20 7505
13 21 5865
13 23 9697
13 23 5592
13 25 7724
13 25 3561
13 26 7457
13 28 7585
13 29 5752
13 30 4139
13 31 3096
13 32 2858
13 32 4508
13 32 4496
13 34 8650
13 36 4217
13 37 3307
13 37 9343
13 38 7309
13 39 5726
13 39 5236
13 41 4093
13 43 6163
13 45 9138
13 45 7593
13 45 8466
13 45 4620
13 47 9681
13 49 9290
13 50 1820
13 52 3417
13 52 4546
13 53 9907
13 54 4739
13 55 3885
13 55 8232
13 55 1369
13 55 4598
13 57 1144
13 58 7589
13 59 6896
14 0 3162
14 1 1343
14 2 4252
14 2 3682
14 3 5556
14 5 6654
14 7 7846
14 8 587
14 9 9250
14 11 7439
14 13 1471
14 15 4181
14 17 9037
14 19 8763
14 21 8637
14 22 6619
14 24 937
14 26 3270
14 28 5452
14 30 2428
14 31 9618
14 32 8529
14 34 1039
14 35 759
14 37 9450
14 37 9941
14 39 3141
14 41 7113
14 42 6331
14 42 4515
14 44 3443
14 45 4807
14 46 3216
14 47 5841
14 47 2731
14 47 5061
14 49 3898
14 49 3613
14 50 7308
14 52 2938
14 53 8161
14 54 6826
14 54 4527
14 54 861
14 55 2020
14 55 8005
14 56 8747
14 56 5355
14 57 7664
14 58 6973
14 58 728
15 0 5072
15 1 1099
15 1 9535
15 1 1565
15 1 7924
15 3 8676
15 3 9575
15 3 5939
15 4 9436
15 4 5831
15 6 7511
15 7 5016
15 8 8503
15 10 4369
15 12 7578
15 14 7609
15 15 5124
15 16 9188
15 16 1696
15 18 1113
15 19 9332
15 20 8471
15 20 4579
15 22 5291
15 24 8834
15 24 9211
15 25 8378
15 26 3267
15 28 9303
15 30 6871
15 31 9691
15 33 3254
15 35 4733
15 36 686
15 38 6760
15 38 2856
15 39 5795
15 41 4419
15 43 6613
15 44 1151
15 44 6203
15 44 2135
15 44 5300
15 46 8730
15 46 3265
15 47 4695
15 49 3551
15 49 1961
15 51 785
15 53 2451
15 55 7083
15 55 6154
15 57 5303
15 57 8871
15 57 5391
15 57 4446
15 57 4883
15 57 8583
15 58 6934
15 59 7588
16 0 8361
16 0 8500
16 0 633
16 2 1760
16 4 7408
16 5 4644
16 7 8912
16 7 7649
16 9 815
16 11 6477
16 12 6323
16 13 3654
16 13 3275
16 15 7456
16 15 6182
16 17 820
16 18 2388
16 18 3625
16 18 3661
16 19 8153
16 20 3922
16 20 1419
16 21 9859
16 22 7823
16 22 3086
16 23 7769
16 24 8530
16 26 2474
16 28 2121
16 30 7861
16 30 6108
16 30 7294
16 31 5333
16 32 7872
16 32 1840
16 34 6531
16 36 1347
16 36 6721
16 38 2876
16 38 3345
16 38 8677
16 38 3342
16 40 3741
16 41 1415
16 41 3819
16 43 8013
16 45 8542
16 46 9038
16 46 3420
16 48 5377
16 50 1604
16 51 1745
16 52 9426
16 54 5954
16 55 9085
16 55 4569
16 57 1839
16 59 3535
17 1 4485
17 2 6530
17 3 3168
17 3 3097
17 5 3692
17 7 5767
17 7 4458
17 7 6903
17 8 7528
17 8 7473
17 10 4337
17 10 7301
17 10 6846
17 10 5444
17 10 3162
17 10 2829
17 11 7088
17 12 8148
17 12 7622
17 12 8824
17 13 3326
17 13 2502
17 15 4855
17 15 8168
17 16 9160
17 16 4900
17 16 4600
17 17 1282
17 17 2330
17 18 8913
17 20 8495
17 21 3089
17 23 755
17 25 5746
17 26 6695
17 27 4991
17 27 9518
17 29 928
17 30 1379
17 31 2300
17 33 1478
17 33 8977
17 34 2336
17 34 2150
17 34 8697
17 36 8056
17 37 5909
17 38 4167
17 40 5778
17 41 2198
17 41 3499
17 41 2248
17 43 4824
17 43 2317
17 45 3524
17 45 3676
17 47 9383
17 49 3889
17 50 2640
17 52 1520
17 52 3608
17 52 5427
17 53 3625
17 55 3900
17 57 7100
17 57 1112
17 59 7278
17 59 1070
18 0 5375
18 1 5283
18 1 7396
18 1 7788
18 1 2964
18 2 6789
18 4 3649
18 5 8675
18 7 1126
18 8 3434
18 10 5819
18 12 4339
18 13 2326
18 13 4512
18 15 7367
18 17 6328
18 19 5711
18 20 7953
18 22 3434
18 22 5289
18 23 7014
18 25 9025
18 26 9038
18 26 5980
18 26 3459
18 28 5262
18 29 6081
18 30 7348
18 32 6733
18 34 4000
18 36 3280
18 37 3342
18 38 8543
18 39 4444
18 41 8205
18 42 1394
18 43 9407
18 44 1110
18 44 9048
18 44 9260
18 45 9937
18 47 4466
18 47 4543
18 48 1246
18 49 4236
18 50 6602
18 50 6498
18 52 5528
18 53 8629
18 55 4833
18 55 5799
18 57 8454
18 58 2526
18 58 4227
18 58 1718
18 59 6895
19 0 8215
19 0 5845
19 0 1619
19 1 4937
19 1 6421
19 3 8651
