3 20
100
3 33 177
3 42 704
3 58 704
4 17 121
4 23 631
4 41 1164
4 55 887
5 9 1149
5 13 1209
5 27 821
5 38 680
5 57 569
6 15 881
6 29 791
6 30 1221
6 35 635
6 43 607
6 56 566
7 13 543
7 14 714
7 27 1210
7 45 567
7 56 244
8 3 568
8 5 844
8 16 634
8 35 549
8 47 1011
8 56 4
8 56 331
9 8 128
9 11 282
9 21 1152
9 36 1003
9 44 146
9 44 196
9 51 318
9 52 907
10 4 120
10 15 546
10 34 710
10 45 254
10 46 764
11 6 392
11 11 840
11 28 365
11 37 329
11 39 177
11 47 305
11 52 478
11 58 949
12 5 639
12 24 295
12 36 618
12 48 840
13 6 595
13 12 577
13 31 1165
13 44 353
13 46 173
13 48 785
13 54 488
13 56 429
14 11 696
14 25 522
14 35 665
14 48 162
14 53 575
15 8 1180
15 15 956
15 35 440
15 39 1188
15 52 896
16 11 501
16 11 350
16 15 1013
16 26 1035
16 40 1081
16 44 416
16 54 1036
16 58 218
17 9 720
17 12 350
17 28 206
17 35 868
17 46 495
17 52 384
17 59 665
18 14 1031
18 29 1109
18 31 1111
18 49 717
18 54 443
19 14 462
19 29 852
19 32 752
19 40 955
20 0 1204
20 18 1076
20 37 680
