0 0
100
0 21 435
0 35 177
0 45 163
1 8 682
1 19 789
1 20 413
1 25 173
1 48 1192
1 51 200
1 54 433
1 54 752
2 9 396
2 23 1426
2 48 784
3 6 1358
3 25 371
3 27 728
3 50 914
4 14 419
4 35 1266
4 37 670
5 1 735
5 22 676
5 22 1223
5 30 876
5 47 594
5 51 955
6 14 387
6 30 1204
6 38 968
6 52 1282
7 1 423
7 25 897
7 49 1188
7 51 1038
8 12 957
8 20 926
8 22 767
8 42 1129
8 55 923
9 11 1201
9 12 892
9 25 576
9 41 1290
9 47 1249
9 58 1049
10 17 658
10 25 998
10 33 1401
10 57 1317
11 18 727
11 30 949
11 54 996
12 14 1312
12 39 994
12 46 1275
13 0 1081
13 7 872
13 7 1136
13 16 798
13 34 1336
13 39 842
13 40 1076
13 43 1337
14 6 1368
14 23 1210
14 42 1364
15 5 1393
15 12 1424
15 34 1427
15 41 1076
15 57 958
16 21 1208
16 31 1062
16 49 1403
16 59 1206
17 22 1187
17 27 1102
17 49 1075
17 53 1291
18 13 1280
18 26 1300
18 50 1380
18 56 1224
19 9 1189
19 9 1262
19 21 1398
19 40 1288
19 55 1436
20 5 1308
20 15 1240
20 17 1386
20 27 1324
20 36 1260
20 58 1286
21 20 1311
21 30 1378
21 48 1339
21 54 1338
22 13 1388
