0 0
61
0 9 10000
0 17 10000
0 26 10000
0 35 10000
0 45 10000
0 46 10000
0 56 10000
1 2 10000
1 9 10000
1 19 10000
1 27 10000
1 27 10000
1 30 10000
1 35 10000
1 35 10000
1 37 10000
1 42 10000
1 50 10000
1 55 10000
1 57 10000
2 6 10000
2 16 10000
2 16 10000
2 24 10000
2 34 10000
2 42 10000
2 50 10000
2 51 10000
2 55 10000
3 2 10000
3 5 10000
3 13 10000
3 21 10000
3 24 10000
3 29 10000
3 30 10000
3 40 10000
3 44 10000
3 45 10000
3 47 10000
3 56 10000
4 0 10000
4 5 10000
4 12 10000
4 22 10000
4 22 10000
4 24 10000
4 28 10000
4 30 10000
4 35 10000
4 38 10000
4 47 10000
4 49 10000
4 49 10000
4 59 10000
5 3 10000
5 3 10000
5 4 10000
5 5 10000
5 13 10000
5 21 10000
