6 12
500
6 12 359
6 13 333
6 13 884
6 15 493
6 19 523
6 19 272
6 23 843
6 27 469
6 31 430
6 33 791
6 36 352
6 40 484
6 44 452
6 48 374
6 50 671
6 52 316
6 52 578
6 56 799
6 56 441
6 56 275
6 58 567
7 2 539
7 4 804
7 8 340
7 12 1044
7 15 1018
7 17 410
7 21 686
7 25 339
7 26 955
7 30 769
7 33 663
7 37 640
7 40 568
7 42 884
7 45 492
7 46 623
7 47 900
7 51 417
7 52 887
7 55 808
7 58 381
8 2 248
8 6 333
8 10 806
8 12 266
8 16 437
8 19 793
8 20 295
8 20 760
8 22 934
8 22 595
8 26 1008
8 30 995
8 33 781
8 36 1029
8 37 535
8 37 437
8 38 311
8 42 897
8 44 857
8 48 605
8 48 630
8 51 793
8 53 881
8 54 333
8 57 830
8 58 352
8 58 481
9 2 620
9 4 645
9 8 696
9 8 417
9 8 305
9 9 375
9 9 371
9 13 393
9 14 530
9 18 501
9 22 939
9 23 1054
9 27 580
9 27 657
9 31 640
9 35 862
9 38 477
9 39 784
9 42 762
9 46 790
9 47 736
9 47 685
9 51 1018
9 51 798
9 53 834
9 55 904
9 57 748
10 0 432
10 1 609
10 2 768
10 2 713
10 2 547
10 3 644
10 5 598
10 7 325
10 11 583
10 14 323
10 15 355
10 18 470
10 20 733
10 24 878
10 28 703
10 29 396
10 33 649
10 34 926
10 36 500
10 37 854
10 39 996
10 39 777
10 43 692
10 43 891
10 47 526
10 48 733
10 49 736
10 51 395
10 54 574
10 58 773
11 0 585
11 1 666
11 5 902
11 6 1014
11 9 876
11 9 838
11 12 923
11 12 606
11 13 554
11 14 708
11 15 674
11 18 783
11 18 1040
11 18 1044
11 20 874
11 20 983
11 23 632
11 25 935
11 27 434
11 27 869
11 27 613
11 27 1057
11 31 785
11 34 522
11 37 916
11 39 457
11 40 596
11 40 851
11 44 972
11 44 934
11 46 931
11 46 899
11 50 995
11 53 411
11 53 548
11 57 409
12 0 903
12 2 743
12 2 601
12 4 811
12 7 569
12 7 663
12 10 996
12 14 848
12 16 1016
12 18 676
12 21 507
12 22 729
12 25 697
12 28 765
12 31 1019
12 32 984
12 36 896
12 38 921
12 40 395
12 42 907
12 42 422
12 44 760
12 46 829
12 47 492
12 49 961
12 52 441
12 52 655
12 53 584
12 56 805
12 57 480
13 0 703
13 3 703
13 7 464
13 10 943
13 12 526
13 13 536
13 17 977
13 21 581
13 21 948
13 24 818
13 25 761
13 25 913
13 27 866
13 28 541
13 31 498
13 35 1030
13 35 777
13 35 1061
13 35 450
13 37 648
13 41 826
13 44 428
13 47 579
13 50 1056
13 50 920
13 54 615
13 58 793
14 0 999
14 3 859
14 7 900
14 9 908
14 11 889
14 15 1064
14 17 921
14 21 914
14 23 493
14 23 882
14 26 1062
14 29 455
14 29 528
14 31 800
14 35 579
14 37 926
14 40 702
14 43 770
14 46 600
14 48 448
14 50 888
14 51 582
14 54 1003
14 54 509
14 55 1027
14 59 710
15 0 575
15 1 466
15 2 760
15 4 648
15 4 797
15 8 738
15 11 676
15 11 776
15 12 566
15 13 753
15 17 541
15 18 564
15 18 485
15 21 467
15 25 931
15 27 987
15 31 546
15 33 685
15 34 778
15 37 707
15 39 799
15 42 659
15 43 985
15 47 539
15 51 845
15 51 841
15 51 810
15 55 656
15 57 698
15 58 974
15 58 504
16 2 565
16 6 703
16 7 661
16 10 654
16 12 666
16 12 949
16 16 1057
16 20 824
16 23 680
16 23 655
16 27 961
16 30 665
16 30 974
16 30 590
16 32 809
16 36 965
16 40 573
16 40 909
16 42 870
16 46 878
16 47 1029
16 47 1035
16 47 530
16 50 1033
16 54 755
16 56 676
17 0 1019
17 4 628
17 8 756
17 10 655
17 14 835
17 15 887
17 18 934
17 21 561
17 22 920
17 22 587
17 26 838
17 26 1064
17 29 1051
17 31 1004
17 34 775
17 38 990
17 41 639
17 41 866
17 43 871
17 45 1014
17 47 568
17 47 541
17 48 658
17 50 569
17 54 607
17 56 577
17 58 628
18 2 638
18 3 566
18 3 673
18 4 1055
18 6 883
18 10 561
18 12 742
18 15 782
18 16 837
18 19 700
18 21 881
18 22 707
18 25 1057
18 28 1012
18 28 825
18 32 616
18 32 781
18 33 686
18 36 887
18 40 663
18 43 561
18 44 976
18 47 907
18 47 955
18 49 866
18 52 1064
18 52 699
18 56 876
18 56 823
18 57 961
18 59 1060
19 2 950
19 5 810
19 7 599
19 11 686
19 13 1060
19 16 632
19 19 972
19 22 1022
19 23 943
19 26 1032
19 29 797
19 33 797
19 36 833
19 39 995
19 39 616
19 41 1064
19 42 935
19 45 695
19 47 1046
19 49 598
19 53 1038
19 57 900
20 1 687
20 2 749
20 6 988
20 9 1052
20 13 757
20 17 694
20 18 746
20 22 796
20 26 768
20 30 674
20 33 976
20 37 1006
20 39 683
20 43 824
20 45 891
20 45 999
20 49 685
20 52 838
20 54 941
20 56 696
20 59 1028
21 0 785
21 0 912
21 1 853
21 4 1004
21 8 662
21 9 825
21 11 660
21 14 1061
21 18 820
21 22 956
21 22 855
21 23 776
21 26 844
21 26 732
21 27 757
21 29 1057
21 33 908
21 36 740
21 36 674
21 38 980
21 41 982
21 45 992
21 45 1064
21 45 860
21 48 817
21 52 796
21 56 940
21 57 708
21 59 980
22 3 1045
22 5 886
22 9 736
22 13 739
22 16 995
22 17 775
22 18 834
22 20 748
22 21 702
22 23 673
22 24 801
22 26 798
22 29 702
22 30 933
22 34 803
22 37 1047
22 39 974
22 40 902
22 42 837
22 43 784
22 46 748
22 47 998
22 50 706
22 50 1017
22 52 947
22 56 926
22 57 897
23 0 973
23 4 801
23 8 939
23 11 1055
23 11 765
23 13 897
23 14 850
23 14 822
23 15 954
23 15 905
23 16 786
23 17 849
23 17 966
23 19 1058
23 21 1031
23 22 1059
23 22 928
23 26 894
23 29 923
23 30 811
23 32 848
23 34 827
23 38 973
23 42 725
23 43 923
23 47 955
23 50 837
23 50 809
23 51 933
23 52 717
23 52 783
23 54 1025
23 55 1046
23 58 851
23 59 816
23 59 1033
23 59 1026
23 59 834
23 59 1030
23 59 870
23 59 1063
