1 59
500
1 59 384
1 59 194
1 59 485
2 0 317
2 0 430
2 2 609
2 6 113
2 7 470
2 9 533
2 12 711
2 13 471
2 14 124
2 14 682
2 14 525
2 15 352
2 19 97
2 20 521
2 20 479
2 23 309
2 27 51
2 30 787
2 34 352
2 34 591
2 35 83
2 39 579
2 39 311
2 40 606
2 42 475
2 42 460
2 46 634
2 48 491
2 51 357
2 53 431
2 54 269
2 57 116
2 59 101
3 1 738
3 1 126
3 4 561
3 7 193
3 11 612
3 14 350
3 15 179
3 15 656
3 16 719
3 16 670
3 16 105
3 18 798
3 18 478
3 18 197
3 19 459
3 22 140
3 24 276
3 28 153
3 30 454
3 31 384
3 31 390
3 35 918
3 37 200
3 38 362
3 42 376
3 43 137
3 47 199
3 49 683
3 53 708
3 57 501
4 0 672
4 4 474
4 7 194
4 7 987
4 8 286
4 8 925
4 9 469
4 9 622
4 13 226
4 16 880
4 20 806
4 21 524
4 23 605
4 26 647
4 27 577
4 27 459
4 30 320
4 31 747
4 31 217
4 33 952
4 36 820
4 37 366
4 38 841
4 38 464
4 40 865
4 41 213
4 42 354
4 42 719
4 46 792
4 50 657
4 53 225
4 57 784
4 57 1076
4 58 494
5 1 894
5 1 495
5 2 1047
5 6 989
5 6 924
5 9 292
5 12 567
5 13 505
5 13 932
5 14 635
5 15 910
5 17 384
5 18 830
5 20 256
5 20 607
5 21 856
5 21 1129
5 25 991
5 27 285
5 31 419
5 34 250
5 35 307
5 37 876
5 38 601
5 42 1148
5 43 410
5 47 498
5 49 437
5 51 1096
5 51 769
5 55 271
5 56 960
5 59 1188
6 2 328
6 6 992
6 8 1026
6 12 1118
6 14 512
6 15 775
6 19 1091
6 22 405
6 26 983
6 30 1115
6 33 874
6 34 465
6 37 429
6 40 700
6 42 313
6 46 1008
6 46 664
6 47 633
6 48 321
6 48 830
6 49 811
6 49 558
6 51 617
6 55 595
6 56 1198
6 59 749
7 0 1248
7 0 415
7 0 1014
7 1 1123
7 5 885
7 9 446
7 11 407
7 14 383
7 16 955
7 19 1174
7 20 1044
7 20 940
7 20 703
7 22 500
7 23 1223
7 25 915
7 28 625
7 28 569
7 29 751
7 29 1119
7 33 576
7 34 564
7 34 844
7 36 564
7 36 998
7 36 989
7 40 1295
7 41 1041
7 41 435
7 42 468
7 46 1126
7 48 1200
7 51 563
7 53 616
7 54 843
7 56 985
7 57 847
7 59 503
8 3 466
8 5 889
8 9 531
8 12 701
8 15 645
8 18 914
8 20 1178
8 23 404
8 24 1030
8 24 1318
8 26 1251
8 30 441
8 32 874
8 34 789
8 34 1011
8 37 1107
8 37 771
8 38 759
8 38 828
8 40 1112
8 43 883
8 43 1253
8 47 837
8 50 1015
8 54 1123
8 56 815
8 56 851
8 57 1228
9 0 542
9 3 958
9 4 651
9 5 953
9 6 1154
9 6 1077
9 7 973
9 9 1073
9 12 1216
9 13 1154
9 15 505
9 17 842
9 19 1017
9 21 1310
9 24 987
9 28 898
9 31 1029
9 35 485
9 37 486
9 37 887
9 40 524
9 44 1270
9 45 1176
9 48 1281
9 51 1018
9 53 987
9 53 540
9 56 1108
9 57 1211
9 58 826
9 58 829
10 1 1077
10 3 1303
10 4 1303
10 7 1148
10 9 1239
10 10 852
10 10 968
10 10 1077
10 13 768
10 15 785
10 15 861
10 18 1060
10 22 1162
10 26 953
10 26 573
10 29 684
10 32 1127
10 32 916
10 36 898
10 36 621
10 36 851
10 36 897
10 36 610
10 37 1237
10 41 767
10 41 663
10 45 1198
10 45 1238
10 46 932
10 46 625
10 48 559
10 48 896
10 49 804
10 52 704
10 53 1293
10 54 823
10 57 936
11 1 1276
11 4 634
11 4 1250
11 8 877
11 9 761
11 12 1294
11 12 622
11 12 1250
11 14 1220
11 18 757
11 21 1184
11 21 586
11 21 754
11 22 1124
11 26 1053
11 27 959
11 30 1282
11 31 755
11 32 1297
11 33 1166
11 34 904
11 35 973
11 37 1047
11 38 951
11 40 1280
11 42 955
11 46 637
11 50 710
11 51 704
11 51 1070
11 51 1176
11 51 1139
11 53 785
11 56 763
11 58 800
12 1 1063
12 3 628
12 3 644
12 4 744
12 7 1199
12 9 881
12 10 764
12 12 1012
12 13 1006
12 15 1026
12 17 860
12 20 794
12 21 780
12 22 1040
12 22 997
12 23 962
12 25 1145
12 27 935
12 30 1038
12 30 715
12 31 741
12 31 1133
12 32 668
12 36 908
12 37 930
12 40 1285
12 41 669
12 42 863
12 44 1210
12 45 897
12 46 969
12 48 1026
12 49 708
12 50 910
12 51 1243
12 53 1109
12 54 1138
12 55 716
12 57 805
12 59 794
13 0 1162
13 1 1140
13 1 729
13 5 751
13 5 951
13 6 919
13 7 791
13 7 1013
13 7 1163
13 8 1190
13 8 719
13 8 746
13 9 1205
13 9 1018
13 9 987
13 13 761
13 13 733
13 15 998
13 15 792
13 17 869
13 17 883
13 20 1007
13 21 793
13 24 1064
13 28 877
13 30 1075
13 31 1005
13 33 1019
13 37 953
13 38 855
13 39 925
13 41 818
13 45 1094
13 49 973
13 53 1197
13 54 951
13 55 1118
13 58 1315
14 0 1000
14 2 932
14 5 1197
14 6 1071
14 8 785
14 9 895
14 10 971
14 11 1166
14 12 994
14 16 987
14 19 1094
14 20 812
14 21 808
14 23 1194
14 25 841
14 26 1270
14 28 811
14 28 1255
14 32 1142
14 34 1130
14 37 838
14 37 1027
14 38 830
14 42 1258
14 42 1125
14 42 1044
14 45 1170
14 49 888
14 53 1112
14 56 821
15 0 1295
15 3 1249
15 6 938
15 10 953
15 12 1275
15 16 1056
15 17 1125
15 18 988
15 18 1006
15 21 1284
15 25 1070
15 27 1052
15 28 1269
15 28 1024
15 31 1236
15 31 893
15 34 923
15 37 873
15 41 1080
15 43 980
15 47 1313
15 49 1278
15 52 1232
15 55 883
15 59 879
16 3 1252
16 6 960
16 10 1009
16 12 1240
16 12 1246
16 14 1282
16 17 1020
16 18 1107
16 20 1137
16 24 943
16 25 1109
16 29 1121
16 33 942
16 35 1011
16 35 1198
16 39 1138
16 40 1074
16 44 1014
16 45 1082
16 48 974
16 52 1131
16 52 933
16 52 1218
16 55 947
16 59 1221
17 0 1024
17 0 976
17 1 975
17 4 1119
17 6 1162
17 8 1291
17 9 1086
17 12 1004
17 12 1048
17 13 1131
17 14 1137
17 14 1007
17 16 1285
17 18 1067
