13 19
1000
13 21 8997
13 21 6896
13 21 356
13 22 7916
13 23 587
13 24 7676
13 24 6464
13 24 1596
13 26 7907
13 28 7289
13 29 1629
13 30 4181
13 31 9878
13 31 8961
13 33 615
13 33 6697
13 33 6575
13 35 6282
13 37 7499
13 37 1472
13 38 2278
13 38 1606
13 40 3965
13 40 5831
13 42 8203
13 44 2609
13 45 3836
13 46 1456
13 46 7627
13 47 4129
13 49 1932
13 49 8545
13 49 8036
13 51 7527
13 53 3756
13 55 6409
13 55 2290
13 56 1600
13 56 930
13 58 4768
13 58 9095
14 0 5187
14 2 9005
14 4 8019
14 4 8594
14 6 3518
14 6 7443
14 7 9254
14 8 4465
14 8 7710
14 8 1674
14 9 1313
14 9 6788
14 11 1758
14 12 4859
14 14 5892
14 15 1833
14 17 2146
14 19 2574
14 21 192
14 21 4867
14 23 7087
14 23 338
14 23 262
14 25 3252
14 25 9045
14 26 4575
14 26 4618
14 28 4329
14 29 6412
14 31 1961
14 33 1422
14 34 587
14 35 2193
14 35 7810
14 37 5465
14 37 7601
14 37 9389
14 38 550
14 39 938
14 39 4241
14 39 1257
14 40 1931
14 40 3338
14 41 4199
14 43 4175
14 44 6093
14 45 9119
14 46 8560
14 47 878
14 49 6850
14 49 2751
14 51 8947
14 51 9817
14 53 8209
14 53 6646
14 54 5900
14 54 4253
14 56 9896
14 58 7727
14 59 441
14 59 3390
15 0 6051
15 0 8212
15 2 2915
15 2 8762
15 2 1544
15 4 2186
15 5 7077
15 5 4454
15 6 6895
15 7 3363
15 9 1587
15 10 7363
15 12 4123
15 12 3873
15 13 1791
15 14 1570
15 14 3426
15 15 6720
15 16 953
15 17 2788
15 17 6517
15 17 9749
15 18 3412
15 20 1117
15 20 2788
15 20 6634
15 22 9747
15 24 5826
15 25 3674
15 27 6953
15 27 3386
15 29 5823
15 30 8690
15 31 6143
15 31 3568
15 31 2991
15 32 9637
15 32 5345
15 34 184
15 34 4005
15 36 3157
15 37 5232
15 37 612
15 37 9224
15 37 2489
15 38 8381
15 38 1313
15 40 322
15 41 6153
15 42 6330
15 43 9018
15 44 2069
15 45 4649
15 45 213
15 46 8710
15 48 2789
15 50 7598
15 51 5604
15 53 4107
15 55 6738
15 56 877
15 57 4912
15 58 4109
16 0 8136
16 1 6279
16 2 9434
16 2 6777
16 2 2629
16 2 5330
16 2 2641
16 2 9411
16 3 1923
16 5 7823
16 6 2565
16 6 2786
16 7 7075
16 8 9169
16 9 3896
16 11 2493
16 12 3546
16 13 3575
16 14 6224
16 15 3536
16 15 7187
16 15 801
16 15 7868
16 15 677
16 17 1568
16 17 1571
16 19 9196
16 21 4432
16 21 378
16 23 419
16 23 8248
16 24 6958
16 26 9334
16 26 625
16 27 5266
16 28 3894
16 28 4128
16 30 8014
16 30 8005
16 32 5810
16 33 1415
16 35 8266
16 36 4768
16 38 6774
16 39 6712
16 39 5893
16 39 2225
16 41 8678
16 42 8042
16 42 6531
16 44 8261
16 45 2364
16 47 8357
16 48 9261
16 48 8139
16 48 4474
16 49 1975
16 50 9650
16 52 5437
16 53 355
16 54 2065
16 56 2765
16 56 8772
16 56 5988
16 58 5815
16 59 2543
16 59 1844
16 59 923
16 59 6848
16 59 2959
16 59 5316
16 59 785
17 1 7904
17 2 3483
17 3 784
17 3 9176
17 5 9190
17 7 5945
17 7 1658
17 8 8424
17 8 9702
17 10 2187
17 12 3352
17 12 5550
17 12 5117
17 13 4577
17 15 1201
17 16 5188
17 17 1470
17 19 7676
17 21 2245
17 21 2586
17 22 5226
17 23 1150
17 25 2113
17 25 3885
17 27 9489
17 29 4949
17 30 8168
17 31 2996
17 33 9401
17 35 2194
17 35 7177
17 37 7853
17 39 7963
17 39 3560
17 41 6457
17 41 5024
17 43 4650
17 45 3897
17 46 6671
17 46 3726
17 47 6013
17 47 4353
17 48 3623
17 49 9587
17 49 715
17 51 3622
17 51 2370
17 52 8904
17 53 996
17 53 9075
17 53 2842
17 55 6021
17 55 5986
17 55 7136
17 56 8335
17 56 5826
17 58 9970
17 58 8415
18 0 547
18 1 1824
18 2 4974
18 2 2168
18 3 3276
18 5 8531
18 6 4544
18 6 5930
18 8 9660
18 8 812
18 9 755
18 9 1606
18 11 3952
18 11 2836
18 11 4163
18 13 4975
18 15 5217
18 16 4694
18 18 5088
18 20 4560
18 22 6493
18 22 8854
18 22 5790
18 22 5466
18 22 7149
18 24 3036
18 26 7216
18 28 8635
18 29 4393
18 30 7970
18 31 2420
18 31 4071
18 32 5428
18 32 6665
18 32 6115
18 33 6857
18 35 6218
18 37 6281
18 39 6976
18 40 7214
18 40 964
18 41 4223
18 43 4622
18 44 7988
18 45 5688
18 46 9850
18 47 4115
18 49 9500
18 49 6953
18 51 7707
18 52 3642
18 53 6548
18 55 6594
18 56 8513
18 57 4593
18 57 385
18 59 9902
19 1 1496
19 2 518
19 3 7495
19 3 8825
19 5 7161
19 6 3706
19 6 8847
19 7 9410
19 7 8293
19 9 7067
19 9 7423
19 9 3294
19 11 9025
19 13 2231
19 14 4730
19 14 7548
19 14 5024
19 15 3235
19 17 9875
19 18 7555
19 18 2834
19 20 3941
19 22 6971
19 23 4653
19 24 6038
19 25 1106
19 27 2342
19 28 6614
19 28 9901
19 29 2410
19 29 5407
19 30 6441
19 31 9088
19 31 9505
19 33 7950
19 34 8639
19 34 9730
19 34 7679
19 34 4263
19 36 8367
19 38 5715
19 40 3506
19 40 5738
19 40 6135
19 40 6423
19 41 743
19 41 6091
19 42 3039
19 44 3334
19 46 9458
19 48 9771
19 49 8354
19 50 7460
19 51 7240
19 52 6409
19 54 1068
19 55 8306
19 57 4981
19 59 6303
20 1 1526
20 1 3033
20 1 9224
20 1 6111
20 1 1143
20 3 1772
20 3 7411
20 5 5783
20 6 2804
20 6 1011
20 7 7725
20 7 5951
20 7 7902
20 8 4465
20 10 6095
20 10 3753
20 10 7505
20 12 6606
20 12 5023
20 14 1590
20 16 6538
20 16 3485
20 18 9859
20 19 570
20 21 8481
20 23 6883
20 23 4433
20 24 3240
20 25 9906
20 26 1161
20 26 1676
20 27 5116
20 29 1790
20 29 1243
20 30 2347
20 30 5128
20 30 8765
20 32 6191
20 34 3853
20 35 556
20 37 844
20 39 7009
20 39 775
20 41 9737
20 43 9898
20 45 4215
20 45 2670
20 46 1142
20 48 5736
20 50 9863
20 52 2951
20 54 8188
20 54 9077
20 54 2426
20 54 6008
20 56 7721
20 56 1902
20 58 2177
20 58 1711
21 0 1355
21 1 3408
21 3 956
21 5 4647
21 5 7354
21 7 9862
21 9 9079
21 11 1839
21 11 2020
21 11 9573
21 13 4570
21 13 7112
21 14 3790
21 14 7837
21 16 1444
21 17 670
21 18 9465
21 20 742
21 20 2029
21 20 2345
21 22 8192
21 22 4861
21 22 8408
21 23 7486
21 25 8045
21 27 1646
21 27 6440
21 27 8294
21 29 3193
21 30 6586
21 30 497
21 31 2969
21 32 9521
21 32 9928
21 33 903
21 35 2749
21 35 6976
21 37 1029
21 38 8211
21 40 7050
21 42 8482
21 44 5097
21 45 6607
21 47 6964
21 49 5923
21 49 8371
21 50 8216
21 52 2254
21 53 3541
21 55 5123
21 56 7907
21 57 1504
21 59 1524
22 1 5792
22 3 9330
22 3 880
22 5 5235
22 6 5806
22 6 9094
22 7 1487
22 8 6830
22 9 7450
22 11 6195
22 12 7704
22 13 3099
22 14 9686
22 15 7341
22 15 3020
22 16 3475
22 18 6884
22 18 6576
22 18 8984
22 20 2931
22 22 823
22 24 7597
22 25 3298
22 27 5896
22 27 6169
22 28 2737
22 30 6933
22 31 5823
22 31 8007
22 32 4171
22 32 6222
22 34 9157
22 35 8491
22 36 9465
22 36 3847
22 37 1150
22 39 7653
22 41 1901
22 42 1851
22 44 1855
22 46 3711
22 46 7342
22 47 2256
22 49 8311
22 50 5894
22 51 3565
22 51 9084
22 52 8692
22 53 2585
22 53 5961
22 55 5036
22 55 7311
22 55 9272
22 57 5181
22 58 7103
23 0 6579
23 2 2915
23 4 5718
23 5 4460
23 5 7628
23 7 3601
23 8 7886
23 8 7996
23 10 6244
23 10 1134
23 10 673
23 12 4672
23 12 5900
23 12 5251
23 13 4312
23 13 9316
23 14 6063
23 16 5272
23 16 7179
23 16 6494
23 16 2556
23 17 8247
23 19 1804
23 19 3390
23 19 6615
23 19 2383
23 20 1109
23 22 4329
23 24 7200
23 26 1469
23 28 1280
23 29 8383
23 30 3839
23 30 7804
23 30 8692
23 32 1057
23 32 7055
23 32 2662
23 32 6034
23 32 5146
23 32 735
23 34 9995
23 35 3730
23 35 1396
23 36 2070
23 37 2692
23 37 3296
23 38 6470
23 40 3020
23 42 4452
23 42 1643
23 43 3147
23 44 8374
23 46 9441
23 46 1893
23 48 9496
23 50 3366
23 50 5273
23 50 3995
23 50 4293
23 52 4522
23 52 4278
23 53 7169
23 54 5195
23 54 4399
23 56 1575
23 57 5061
23 58 4984
23 59 5004
23 59 5497
23 59 3121
23 59 2773
23 59 9799
23 59 5063
23 59 5890
23 59 3688
23 59 6379
23 59 8104
23 59 4121
23 59 5580
23 59 1762
23 59 9695
23 59 6624
23 59 2061
23 59 7622
23 59 3370
23 59 5290
23 59 1981
23 59 1147
23 59 5206
23 59 2649
23 59 5479
23 59 7484
23 59 1868
23 59 3252
23 59 3573
23 59 3959
23 59 5861
23 59 6192
23 59 5997
23 59 2928
23 59 9379
23 59 9276
23 59 4552
23 59 3703
23 59 7682
23 59 9729
23 59 2412
23 59 9081
23 59 1999
23 59 8016
23 59 3988
23 59 3876
23 59 1851
23 59 9377
23 59 5052
23 59 6878
23 59 1984
23 59 9795
23 59 5846
23 59 1923
23 59 7600
23 59 1217
23 59 6961
23 59 903
23 59 4896
23 59 6928
23 59 3217
23 59 2243
23 59 5612
23 59 8507
23 59 2845
23 59 1401
23 59 8621
23 59 8186
23 59 9021
23 59 6618
23 59 7090
23 59 7064
23 59 6103
23 59 7726
23 59 7741
23 59 9846
23 59 4478
23 59 1878
23 59 2935
23 59 8809
23 59 8582
23 59 5493
23 59 4189
23 59 6783
23 59 1364
23 59 1552
23 59 2172
23 59 5714
23 59 7892
23 59 717
23 59 3950
23 59 1747
23 59 9734
23 59 4718
23 59 1736
23 59 5462
23 59 3013
23 59 3155
23 59 8537
23 59 5587
23 59 5054
23 59 2917
23 59 8287
23 59 7870
23 59 8781
23 59 5775
23 59 5935
23 59 5279
23 59 5815
23 59 3123
23 59 9658
23 59 6923
23 59 7601
23 59 2201
23 59 8065
23 59 3270
23 59 5371
23 59 916
23 59 2192
23 59 8788
23 59 4606
23 59 2216
23 59 820
23 59 7099
23 59 2969
23 59 3672
23 59 4562
23 59 9863
23 59 6071
23 59 4175
23 59 6296
23 59 5352
23 59 9958
23 59 3585
23 59 8539
23 59 1252
23 59 2096
23 59 7383
23 59 929
23 59 4336
23 59 2866
23 59 5702
23 59 9779
23 59 3451
23 59 4458
23 59 3816
23 59 2739
23 59 3237
23 59 5902
23 59 1575
23 59 841
23 59 933
23 59 1500
23 59 1828
23 59 7843
23 59 3595
23 59 6953
23 59 7976
23 59 1396
23 59 3405
23 59 7001
23 59 8540
23 59 5378
23 59 8722
23 59 7168
23 59 7431
23 59 701
23 59 5265
23 59 5111
23 59 4856
23 59 6880
23 59 2826
23 59 1103
23 59 6815
23 59 8745
23 59 9352
23 59 4527
23 59 5530
23 59 9254
23 59 6860
23 59 8425
23 59 9154
23 59 9669
23 59 4391
23 59 7490
23 59 2094
23 59 1145
23 59 4699
23 59 4202
23 59 6774
23 59 2511
23 59 5576
23 59 2912
23 59 6401
23 59 1160
23 59 6292
23 59 9477
23 59 9091
23 59 4925
23 59 6300
23 59 4775
23 59 6257
23 59 2313
23 59 9506
23 59 8800
23 59 982
23 59 1951
23 59 4564
23 59 4060
23 59 3848
23 59 6152
23 59 1369
23 59 5215
23 59 8202
23 59 994
23 59 3793
23 59 8456
23 59 1321
23 59 6413
23 59 7625
23 59 2991
23 59 4316
23 59 7423
23 59 2156
23 59 734
23 59 8471
23 59 3622
23 59 2520
23 59 4279
23 59 3341
23 59 5845
23 59 9019
23 59 984
23 59 7846
23 59 3848
23 59 4702
23 59 7254
23 59 913
23 59 5991
23 59 9610
23 59 9993
23 59 2784
23 59 1582
23 59 9177
23 59 6031
23 59 4389
23 59 7795
23 59 8424
23 59 8821
23 59 2193
23 59 5630
23 59 3688
23 59 3766
23 59 3850
23 59 2280
23 59 6443
23 59 8228
23 59 5801
23 59 4909
23 59 2000
23 59 8725
23 59 7142
23 59 2130
23 59 6578
23 59 8697
23 59 6252
23 59 5067
23 59 2110
23 59 2350
23 59 4534
23 59 2436
23 59 8053
23 59 3236
23 59 6581
23 59 4553
23 59 2269
23 59 974
23 59 3776
23 59 8148
23 59 1570
23 59 8941
23 59 9901
23 59 4931
23 59 3138
23 59 4266
23 59 2823
23 59 4135
23 59 9816
23 59 2471
23 59 6926
23 59 2953
23 59 9741
23 59 8736
23 59 4933
23 59 7897
23 59 2289
23 59 9217
23 59 2625
23 59 5426
23 59 6081
23 59 6461
23 59 8261
23 59 8538
23 59 7903
23 59 697
23 59 2901
23 59 9514
23 59 5145
23 59 9235
23 59 1194
23 59 6613
23 59 8314
23 59 4407
23 59 6904
23 59 6427
23 59 5593
23 59 9927
23 59 5173
23 59 4468
23 59 4795
23 59 9389
23 59 1187
23 59 4701
23 59 8731
23 59 1188
23 59 4917
23 59 6036
23 59 8349
23 59 5355
23 59 8153
23 59 2809
23 59 7816
23 59 724
23 59 3064
23 59 4806
23 59 1850
23 59 8642
23 59 5074
23 59 3879
23 59 6016
23 59 5258
23 59 1243
23 59 3161
23 59 8972
23 59 8099
23 59 2452
23 59 7761
23 59 8024
23 59 5227
23 59 928
23 59 6014
23 59 8492
23 59 9092
23 59 7339
23 59 9359
