0 0
100
0 3 56
0 5 258
0 23 555
0 38 680
0 57 345
1 10 1142
1 15 82
1 31 1262
1 47 867
1 47 1188
2 9 818
2 18 668
2 22 410
2 27 1030
2 36 496
2 53 241
3 12 1332
3 24 291
3 33 1191
3 55 223
4 9 1205
4 9 1131
4 30 1367
4 41 332
4 51 931
4 56 551
4 59 345
5 2 1039
5 15 871
5 21 495
5 32 569
5 35 109
5 43 1323
5 43 1172
5 49 1116
6 10 1194
6 13 901
6 16 1002
6 27 512
6 32 247
6 41 464
6 50 511
7 0 1347
7 25 960
7 28 948
7 29 823
7 48 1398
7 57 532
8 7 279
8 21 1175
8 31 1183
8 38 341
8 41 910
8 53 1122
9 5 752
9 28 452
9 48 791
10 4 906
10 21 1229
10 23 418
10 46 115
10 55 853
11 4 720
11 26 1363
11 35 429
11 41 29
11 53 19
11 55 886
12 15 719
12 17 1182
12 27 1427
12 49 347
13 2 244
13 19 799
13 21 652
13 36 863
13 59 71
14 19 1403
14 19 1356
14 36 1113
14 58 973
15 9 201
15 17 1188
15 27 1177
15 47 1414
16 7 1076
16 20 951
16 23 1029
16 29 1233
16 45 12
17 0 527
17 1 1380
17 7 129
17 17 1395
17 19 7
17 24 699
17 35 1168
17 36 264
17 45 684
18 0 1000
