8
100
32247076 4454 1 0 0 1 2
25606972 4466 1 0 0 1 2
72114948 1380 1 0 1 0 2
77778321 3474 1 0 0 1 2
82592076 4276 1 1 1 0 2
42949295 28 0 0 0 0 2
1694632 3222 0 1 0 0 2
1332428 1210 0 0 1 1 2
12513896 3220 1 0 1 1 2
46383939 1386 0 0 1 1 2
83587237 914 1 1 1 1 3
88905479 2713 1 0 1 1 2
14434103 2871 0 1 0 0 2
92967157 1903 1 0 1 1 2
61859717 3256 0 1 0 0 2
46578656 165 0 1 0 1 2
9156313 3869 1 0 1 1 2
88500951 2006 0 0 1 1 2
24105885 21 1 1 0 1 2
41659009 4391 0 0 1 0 2
17860973 1785 1 0 0 0 2
37715287 2154 1 1 1 0 3
29605302 2433 1 1 0 0 2
37180611 212 1 0 0 0 2
46203306 450 1 0 1 0 2
15769325 2166 1 0 0 1 2
66125502 384 0 0 1 1 2
73920750 943 0 0 0 1 2
52903176 4390 1 1 0 1 2
43002737 3583 1 0 1 0 2
61405735 2547 1 1 0 0 2
13391020 3854 1 0 0 1 2
13583485 4659 0 1 0 0 2
43919592 1783 1 0 0 0 2
94160493 1327 1 0 1 0 2
85462984 1716 0 1 1 0 2
6067525 1637 0 0 0 1 2
18870815 2776 0 1 1 1 2
60990107 2042 1 0 1 0 3
940004 3983 1 0 1 0 2
63273348 1022 1 0 1 0 2
85720158 2611 1 0 1 0 2
6414174 5020 0 0 1 1 2
50645619 1149 0 1 1 0 2
88996736 198 1 1 0 0 2
52127774 1308 1 0 1 1 2
86055323 2257 0 0 0 1 2
26830071 4952 1 1 0 1 2
28346725 1818 1 0 1 1 2
21322050 1442 0 1 1 1 3
2751506 4693 1 0 0 1 2
26267320 3156 0 0 1 0 2
24458932 191 0 1 1 1 2
21266697 3484 1 1 0 0 3
83299867 3734 0 0 1 1 2
61236785 360 0 1 1 1 2
85100703 624 0 1 0 0 2
77250776 4493 1 0 1 1 2
79266538 621 1 0 1 0 2
18539256 4636 1 1 0 1 2
28415397 240 0 0 0 0 2
33761440 4010 0 1 1 0 2
80556374 1907 0 0 1 0 2
63968136 4610 0 0 0 1 2
57591105 240 1 0 0 0 2
13216577 2058 1 1 1 0 2
58201788 285 0 1 0 1 2
68380573 4451 0 1 0 1 2
58208139 3729 0 1 0 0 2
39494574 530 1 0 1 0 2
26060903 840 0 1 1 1 3
89310858 1101 0 1 0 1 2
67579290 756 0 0 0 0 2
396744 3252 1 1 0 1 2
10037404 264 0 1 1 1 2
79942128 660 0 1 1 0 2
44806328 4526 1 0 1 1 3
61111826 4423 0 1 1 1 2
69937443 4459 1 1 0 1 2
4740715 1849 1 0 0 0 2
91713812 3549 1 1 1 0 2
32076395 3665 0 1 0 0 2
16367356 1381 0 1 1 1 2
89208927 2374 0 0 0 1 3
69475309 4768 0 1 0 1 2
59482433 4750 0 1 1 0 2
19504063 4667 1 0 1 0 2
79565531 4787 1 1 1 1 2
8612295 636 1 1 0 0 2
95809728 2862 0 1 0 1 2
60825419 2684 0 0 1 0 2
6752144 152 0 1 0 0 2
87144642 1121 0 0 1 1 2
49468968 3954 1 1 1 0 3
65772752 4466 0 0 1 1 2
6635374 2347 1 0 1 0 2
77122413 2922 0 1 0 1 2
79535258 212 1 1 0 0 2
11908386 2729 0 1 0 0 2
46131304 3434 0 1 1 1 2
