7
100
18440 514 1 0 0 0 1
18440 514 1 0 0 1 1
18440 514 1 0 1 1 1
18440 514 1 0 1 0 1
53283 4056 0 1 1 1 2
15865 1098 1 1 1 1 2
51040 1389 0 1 0 1 2
43078 3300 0 0 1 1 2
8129874 4876 1 0 0 0 2
47783 3821 0 1 0 1 2
61581 1394 0 1 0 1 2
2020 2188 0 0 0 1 3
21689 544 1 0 1 0 2
8561798 3496 0 1 0 1 2
70583 3696 0 0 0 1 2
74444 2551 0 1 0 1 2
8668255 4373 0 0 1 0 2
61731 4437 1 1 1 0 2
9827440 4679 1 0 1 1 2
22439 1672 1 0 1 1 2
53778 2206 1 1 1 0 2
8803307 2141 0 1 0 1 2
71202 2257 1 0 0 1 2
41887 2914 1 0 0 0 2
65018 1499 0 1 0 1 2
9324989 3431 0 0 1 1 2
4299 4669 1 1 1 1 2
64217 1650 1 1 0 1 2
55099 712 0 0 1 1 2
42400 2763 1 0 0 0 2
19722 4086 1 0 1 1 2
78020 1794 1 0 0 1 3
45200 87 0 1 1 1 2
61248 3576 0 1 0 1 2
74203 2806 0 1 1 0 2
48183 52 1 1 0 1 2
46880 1321 0 1 1 0 2
63036 3332 0 0 0 0 2
55869 3595 0 1 1 0 2
17043 2423 1 0 1 0 2
55170 813 1 1 1 0 3
69937 687 0 0 1 0 2
9531849 4111 1 1 1 0 2
61638 4268 1 0 0 0 2
9499180 1051 1 0 1 0 2
46551 3706 1 0 1 0 2
18898 332 1 1 0 0 2
34557 1300 0 1 0 1 2
56976 2541 0 0 0 1 2
35377 1589 0 0 0 1 3
9753866 2558 0 0 0 0 2
75484 1506 1 0 0 0 2
8013728 4955 1 1 1 1 2
9327477 1755 1 0 0 0 2
37298 3739 0 1 1 1 2
3163 3477 0 1 0 0 2
17301 1239 1 0 1 0 2
95 3629 0 1 1 0 2
67689 3846 1 1 0 0 2
26571 933 1 0 1 0 2
25821 3706 1 0 0 1 2
42690 2349 0 1 1 1 2
77566 1054 0 1 1 0 2
68401 3988 0 1 0 0 2
3126 1005 0 0 1 1 2
74850 2905 1 0 0 0 1
65033 2964 1 1 1 1 2
29468 5020 0 1 0 0 3
68507 1507 1 1 1 1 2
9798715 4224 0 0 0 1 2
9267469 4925 0 1 1 1 2
66526 1016 0 0 1 0 2
14758 4178 1 1 0 0 2
8789304 1412 0 1 0 0 2
8057672 1904 0 0 0 0 2
74156 2147 1 0 0 1 2
5087 4018 1 1 1 0 3
9021821 4533 0 0 0 0 3
19613 1211 1 0 0 0 2
72450 3139 0 1 1 0 2
18090 1772 1 0 0 1 2
68165 4179 1 1 0 1 2
20775 2317 1 0 0 1 2
16457 4011 0 0 1 0 2
58258 4403 1 0 0 0 2
9324581 4169 0 0 1 0 2
76392 4613 0 1 1 1 2
51089 3292 1 1 0 0 2
8050526 3872 0 0 1 1 2
49338 1936 0 0 0 0 3
15011 589 0 1 0 0 2
9765672 3802 1 0 1 0 2
46072 3593 1 0 1 1 2
9037 606 1 1 1 0 2
55880 26 0 0 1 0 3
60481 3487 0 0 1 0 2
8711919 1106 1 1 1 1 2
16333 3599 0 0 1 0 2
72251 747 1 1 1 1 2
23934 1851 1 1 1 1 2
