6
100
111209 4137 1 0 1 1 2
341080 603 1 1 1 1 2
416455 4365 0 0 1 1 2
561344 5000 0 1 0 1 2
430138 3136 1 0 1 0 2
673312 1175 1 1 0 1 2
69725 309 0 1 0 1 2
722055 2800 0 0 0 0 2
776362 4838 0 1 1 1 2
206320 972 1 0 1 1 2
354877 458 1 1 1 1 2
123423 1816 1 0 0 0 2
420774 3685 1 0 0 0 2
996734 2243 1 0 0 1 2
540393 485 1 1 0 0 2
683327 535 1 1 0 1 2
943737 3326 0 1 1 1 2
657699 3690 0 0 0 0 2
206346 3281 1 0 0 0 2
664182 2619 1 0 1 0 2
377766 1269 0 0 0 0 2
175416 4778 0 0 1 1 2
946601 2423 0 0 0 0 2
444508 2909 1 1 0 0 3
525676 4751 1 0 1 0 2
249135 4774 0 0 0 1 2
445510 4414 0 0 1 1 2
563713 2099 1 0 0 0 2
299512 2285 0 1 0 0 2
84536 4070 0 1 0 0 2
209525 1878 0 1 0 1 2
275191 3828 0 1 0 0 2
270336 3158 0 0 1 0 2
319303 3254 1 0 1 0 2
829977 25 1 1 1 1 3
517801 4834 0 1 0 1 2
214887 407 0 0 0 1 2
627831 2952 1 1 1 1 2
503907 1257 1 0 0 1 2
561533 3250 1 0 0 1 2
218666 4633 1 1 0 0 2
327040 231 0 1 1 1 2
468266 4639 0 1 0 1 2
131677 2719 1 1 1 1 2
608772 2725 0 1 1 0 2
866397 21 1 1 0 1 2
835976 450 0 1 1 1 2
103988 1914 0 0 0 0 2
614394 3091 1 1 0 0 2
672588 288 0 0 1 0 2
882518 4313 1 0 0 0 2
267606 2856 0 1 0 1 4
687556 3200 0 1 1 1 2
854665 1415 0 1 1 1 2
884386 345 0 0 0 0 2
694623 2985 1 0 1 1 3
625440 2241 0 0 0 1 2
227134 583 0 1 0 1 2
859982 4066 1 0 1 0 2
912670 2882 0 0 1 0 2
31861 936 0 0 1 1 2
328372 3137 1 0 1 1 2
208851 3310 1 0 1 1 2
476579 1205 0 1 1 1 2
779492 4871 1 1 0 0 2
507120 1561 0 0 1 1 3
111291 2984 1 1 0 0 3
407665 2608 0 0 0 0 2
454436 4891 0 1 1 0 2
15262 1603 0 1 1 1 2
628371 2415 0 0 1 0 2
325856 2547 0 0 1 1 2
377515 687 1 1 0 0 2
982536 4303 0 0 1 0 2
359473 39 1 0 0 0 2
25679 4217 1 0 1 1 2
546986 4094 0 1 0 0 2
154169 397 0 1 1 1 2
880376 367 1 0 1 1 2
691164 3344 0 1 1 1 2
252752 199 0 0 1 1 2
58698 3486 1 0 1 0 2
35007 4425 0 1 1 0 3
411985 1150 0 1 0 1 2
176909 2163 0 0 1 1 2
22411 1873 1 1 0 0 2
772092 4983 0 0 1 1 2
699979 139 1 0 0 0 2
580523 4769 0 1 1 0 2
34372 4671 1 0 0 1 2
498507 3190 0 0 1 0 2
112011 4962 0 0 1 1 3
908126 1610 0 0 0 1 4
500965 4687 1 0 1 1 2
517616 2740 1 0 1 0 2
642428 2990 1 0 0 0 3
307893 2900 0 0 1 0 2
315542 2575 0 1 1 0 2
660918 3056 0 0 0 0 2
977229 865 1 1 0 1 2
