5
100
693 4706 0 0 1 0 2
693 215 0 1 1 0 3
693 1969 1 0 1 1 2
396 862 1 1 1 0 2
396 4973 0 0 1 1 2
396 3754 0 1 1 0 2
98886 1524 1 0 0 0 4
45 280 0 1 1 0 2
100 4932 1 0 1 0 2
657 3087 0 0 0 1 2
154 3394 0 0 1 1 2
360 2130 1 1 0 0 2
412 3448 0 0 1 1 2
478 2967 1 1 1 1 2
740 1148 1 1 0 0 2
30 3787 1 0 0 1 2
420 3530 1 0 1 0 2
270 1316 1 0 1 0 3
430 273 0 0 1 1 2
81646 4710 1 1 0 1 2
625 3650 1 0 1 1 2
576 3637 1 0 0 0 2
24 2876 0 1 1 1 2
414 2966 1 0 1 0 2
15 3366 0 1 0 0 2
480 1747 1 0 0 1 2
510 110 0 0 1 1 3
32 2301 0 0 0 0 2
779 1775 1 1 1 0 2
88634 3637 0 0 0 0 2
339 1330 0 1 0 1 2
82374 4891 0 0 0 1 2
307 1411 1 0 1 0 2
557 3053 1 0 0 1 3
527 1788 1 0 0 0 3
649 1442 0 1 1 0 2
31 494 0 0 1 0 2
662 2991 0 1 1 1 4
236 2600 0 1 1 0 2
54 72 1 1 1 0 2
122 1232 0 0 1 0 2
127 1891 1 0 0 0 3
399 603 0 1 0 1 2
384 1807 1 1 0 0 2
160 3841 1 0 1 1 2
88652 3577 1 1 1 0 2
416 4266 1 1 1 1 2
63 198 0 0 1 0 2
132 1089 1 0 1 0 2
167 4900 0 1 1 0 3
98116 522 1 1 0 0 4
332 830 1 0 0 0 2
80614 3429 1 1 1 0 2
80959 835 0 1 1 1 2
420 3131 0 1 0 1 2
337 3912 1 1 0 0 2
211 2565 0 1 0 0 3
311 2940 1 0 1 0 2
65 2236 0 1 0 0 2
38 586 1 1 1 1 3
430 1040 0 1 0 0 2
299 3394 0 0 1 0 2
395 1574 0 0 0 1 2
177 1269 0 0 0 0 2
97581 2222 1 0 1 0 2
483 2433 1 0 1 0 2
95835 1268 1 1 0 0 2
582 2981 1 0 1 1 2
622 819 1 1 0 0 4
80881 2289 1 1 0 0 3
158 2284 0 1 0 1 2
221 1993 0 0 0 1 2
82 4803 0 0 1 1 2
450 4869 0 1 0 1 2
125 4041 0 0 1 0 2
474 2280 1 1 1 1 2
96881 4343 1 0 1 0 3
311 2483 0 0 0 0 2
313 2 0 1 0 1 2
91417 1689 0 1 0 0 2
440 1875 1 0 0 0 2
96277 3231 1 0 0 1 3
636 3039 0 0 1 0 2
142 27 1 1 1 1 2
488 309 0 1 0 1 3
755 3672 1 1 1 1 2
479 2368 1 0 0 0 2
80832 4681 0 1 0 1 4
480 2808 1 0 0 1 2
495 3323 1 1 1 1 2
191 787 1 1 0 0 3
605 4756 0 1 0 1 2
729 4280 1 0 0 1 2
101 633 1 0 1 0 3
99479 1151 1 1 0 1 2
761 3203 1 0 0 1 2
45 4762 1 1 1 0 2
497 3692 0 0 1 0 2
304 4492 0 0 1 0 2
818 4245 0 0 1 1 1
