6
1000
881529 2072 0 0 1 1 2
336678 4561 1 0 0 1 2
116854 625 0 0 0 0 2
35525 501 0 0 1 1 2
300167 1574 0 1 0 0 2
317397 1032 0 0 1 0 2
317757 885 1 1 1 0 3
892184 4994 1 1 0 1 2
211776 1367 1 0 0 0 2
712725 1252 0 1 0 1 2
203481 185 1 1 1 1 2
592913 4889 0 1 1 1 2
936462 861 1 0 0 1 4
40825 1047 1 1 0 0 2
357397 2191 0 0 1 1 2
253042 4142 1 1 1 1 2
687990 1198 0 0 1 0 2
390737 704 1 1 0 1 2
146382 1290 1 0 0 0 2
57304 2337 0 0 0 1 2
482572 3376 1 1 0 1 2
349800 4193 1 1 1 1 2
732251 3985 0 0 1 0 2
901457 3633 1 0 0 0 2
474912 3116 1 0 1 0 2
968741 4757 0 0 0 1 2
669433 2987 0 0 1 0 3
426902 73 0 0 1 1 4
57159 384 1 1 0 1 2
64661 309 1 1 0 1 2
387778 994 1 1 0 0 2
42903 134 0 1 1 1 3
191000 4417 1 0 1 1 2
426485 3400 1 1 1 1 2
342637 491 0 0 1 1 2
126178 1389 0 0 1 1 2
971537 4609 0 1 0 0 2
651400 805 0 1 0 1 2
392909 2152 1 1 0 1 2
84275 2093 0 1 0 1 2
985852 1410 1 0 1 1 2
681738 2743 0 0 0 1 2
995750 1987 1 0 0 1 2
894669 2289 1 1 0 0 2
347807 3495 0 0 0 1 2
419563 2432 1 0 1 1 2
858161 1473 1 1 1 1 2
152395 1072 0 1 0 0 2
537230 3253 1 1 1 1 3
391502 3570 1 0 0 1 2
223472 4547 0 0 1 0 2
217323 358 1 1 1 0 2
731931 2496 0 1 0 1 2
984572 2045 0 0 0 0 2
898033 1686 0 1 1 1 3
718646 83 1 0 0 1 2
761034 3510 0 0 0 1 2
380454 3967 1 0 1 1 2
627200 3998 0 0 0 1 2
696065 4387 1 1 0 1 2
997000 3675 0 0 0 1 2
194693 3366 0 1 0 0 2
232140 4730 0 0 1 1 2
307616 1199 0 1 1 0 2
674914 144 1 0 1 1 2
302855 4740 0 0 0 0 2
592194 3480 1 1 1 1 2
536088 840 0 1 1 0 2
20632 2268 0 1 0 0 4
465775 2860 1 1 1 0 2
519407 4434 0 0 1 0 2
173698 4658 0 0 0 1 2
462072 1769 1 0 0 0 2
696806 1438 1 0 0 1 4
145500 1236 0 1 0 1 2
333847 1224 0 1 0 0 2
234797 2213 1 0 1 1 2
505247 3525 0 1 1 1 2
865624 4059 0 0 0 1 2
385294 3294 1 1 1 0 2
888975 4241 0 1 0 0 2
861639 353 0 1 1 1 2
754829 2972 0 0 0 0 2
486849 2360 0 0 1 0 2
728557 3631 1 0 1 1 3
401481 3053 1 0 0 1 2
902401 4069 0 1 0 0 2
454804 2386 0 0 1 0 2
241763 715 0 1 1 1 2
688212 3536 1 0 1 1 2
242567 2009 0 1 0 0 2
505289 1258 0 1 1 0 2
140066 2279 0 1 0 1 2
485967 4102 1 0 1 1 2
868847 4629 0 1 0 1 2
519720 2463 1 1 1 1 2
574823 4057 1 1 1 0 2
914579 307 1 1 0 1 2
336897 3262 0 1 0 1 2
435773 414 1 0 0 1 2
456595 1702 1 1 1 0 2
55978 3282 1 0 1 0 2
467750 1334 1 1 0 0 2
342585 4633 0 0 1 1 2
692594 2942 1 1 0 1 2
508684 1354 0 0 1 1 2
285383 123 1 0 1 0 2
479758 362 1 0 0 1 2
639758 2714 0 0 0 0 2
15103 2570 1 1 1 1 2
717891 2283 1 1 1 1 3
368423 109 0 0 0 1 3
768745 392 0 1 0 1 2
349727 3570 0 1 1 0 2
877504 3064 1 1 1 0 2
390106 1314 0 0 0 0 2
733710 1554 1 0 1 1 2
34130 3020 1 0 0 0 1
283906 1434 1 1 1 1 2
460269 964 1 0 1 1 2
668837 3497 1 1 1 0 2
721279 2416 0 1 1 1 2
236302 1659 1 0 0 1 4
916924 4502 1 1 0 0 2
718956 2228 1 0 1 1 2
750096 4603 0 1 1 0 2
988392 883 1 1 1 0 2
436345 3324 1 0 1 1 2
876186 2190 0 1 0 1 2
824614 4417 0 0 1 1 2
581140 3524 1 1 1 1 2
722432 4829 1 1 1 1 2
439230 2544 0 0 0 1 2
371205 4969 1 0 0 0 2
558396 845 0 1 1 0 2
746971 4855 1 0 0 0 2
192943 437 0 0 1 0 2
606169 2437 1 0 1 0 2
182660 3822 1 1 1 0 2
137279 1051 0 0 1 1 2
535560 4532 1 1 1 1 2
961405 1498 1 1 0 1 2
802708 4614 0 1 1 1 2
451628 1491 1 1 0 1 2
494950 4753 1 1 1 0 2
718849 1877 0 1 1 0 2
508443 4505 0 0 1 1 2
663234 3373 0 0 1 1 2
513113 1138 0 0 1 0 2
422235 4669 1 1 0 0 2
237875 2270 1 1 0 0 2
108135 4320 1 1 1 1 2
914645 61 1 1 1 1 2
114554 3714 0 1 1 1 2
723337 2722 0 1 0 1 3
447102 1539 0 0 0 0 2
730629 4741 1 0 1 0 2
529465 4884 1 0 1 1 2
490378 881 1 0 1 1 2
717067 3161 0 1 0 1 3
222815 4768 0 1 0 1 2
966482 956 1 0 1 0 4
825137 3936 1 0 0 1 3
481527 163 0 0 0 0 2
791825 746 1 0 1 1 2
290083 1406 0 1 0 1 3
767854 3346 0 1 0 0 2
247511 609 0 1 0 0 2
770204 199 1 1 1 0 2
280377 3397 1 0 1 0 3
799281 3183 1 1 1 1 3
476644 1624 1 0 0 0 2
276586 3025 1 0 0 0 2
271608 387 1 1 0 0 2
81902 4504 0 0 1 0 2
709262 2828 0 1 0 1 2
600817 3239 1 0 1 0 3
622434 229 0 0 1 0 2
331910 3131 0 1 0 1 2
915868 1678 1 0 0 1 2
733144 1625 0 1 0 1 2
448058 2502 1 1 0 1 3
875693 4 1 0 1 1 2
21565 4081 1 1 1 0 2
784927 1815 0 1 1 0 2
841393 2596 0 1 0 0 2
620329 1122 0 1 1 0 2
983757 1976 0 0 0 0 2
800789 4407 0 0 0 1 2
818108 1853 0 1 1 0 2
863679 3194 0 0 0 0 2
554660 2312 0 1 1 1 2
932351 3701 0 1 0 1 2
514419 4208 0 0 1 0 2
600303 5032 0 1 1 1 3
349111 2271 1 0 1 1 2
358804 477 1 0 0 0 2
399447 3770 1 0 1 0 2
225925 4362 1 1 0 0 2
291474 235 1 1 0 1 2
434436 254 1 1 1 0 2
701680 920 1 1 1 0 2
140082 4694 0 1 1 1 2
577715 927 1 0 1 0 2
605144 1748 1 0 1 0 2
729748 3193 1 1 0 1 2
264153 2171 0 0 0 1 2
893514 2995 1 0 0 1 2
635306 1271 0 0 1 0 2
425413 4393 0 0 1 1 2
196296 3464 1 1 0 0 4
457326 4081 1 1 0 0 2
845289 1085 1 1 0 0 2
309545 2700 0 0 1 0 2
217097 3596 0 1 0 0 3
349604 2419 1 0 0 0 2
520519 703 1 0 1 0 2
411574 830 0 0 0 0 2
884019 2722 0 1 1 0 2
318405 241 0 0 0 1 2
430552 928 0 0 0 0 2
9367 3537 0 0 0 0 2
568004 153 1 1 1 0 2
343060 365 1 0 1 0 2
845484 3914 1 0 1 1 2
134879 533 0 1 1 1 2
997851 3685 1 0 0 1 2
891890 1887 0 1 1 0 2
703509 4907 0 0 1 0 2
793441 922 0 1 0 0 2
503529 2308 1 0 0 1 2
235535 315 0 1 1 0 2
964622 1576 1 0 0 1 4
250911 1087 0 1 0 0 2
829648 1695 1 0 0 1 3
604394 1105 0 1 0 1 2
802955 1310 0 1 0 1 2
141327 3271 1 0 0 1 2
860975 1883 1 1 0 0 2
950927 2872 1 0 1 1 2
107752 1431 0 1 1 1 2
143182 3609 0 0 0 0 2
427357 3250 1 0 1 1 2
189502 3668 0 0 0 1 2
819232 4819 1 1 1 0 2
187327 1152 1 1 0 1 3
709813 4178 1 1 0 0 2
252448 2835 1 1 1 0 2
453116 3934 0 0 0 1 2
546859 2393 1 0 1 0 2
842297 346 0 0 0 1 2
951658 2972 1 1 0 1 2
71038 1085 1 1 1 0 2
409560 3687 0 1 1 1 2
967666 3533 0 0 1 0 4
959298 1298 1 1 1 0 2
337814 4370 1 0 0 0 2
651969 516 1 0 0 0 2
540700 4770 0 1 1 1 2
9852 1872 1 1 1 0 2
629360 1028 1 1 1 1 2
707464 101 1 0 0 0 2
562277 3395 0 0 1 0 2
662116 1249 0 1 1 1 2
844367 3029 0 1 1 0 2
881754 4768 1 0 0 0 2
94652 1141 0 0 1 1 2
81881 248 0 1 1 1 3
830951 2614 1 0 0 0 2
741520 2149 1 1 1 1 2
690853 4077 0 1 1 1 2
342816 1613 0 1 1 1 2
537785 4567 1 1 1 0 2
820421 3210 0 1 0 0 2
112544 840 0 1 1 1 2
594068 3046 1 0 1 1 2
950022 2069 0 0 1 0 2
28680 4591 1 0 0 1 2
576166 989 1 0 0 0 2
539566 2667 1 0 1 0 2
648938 5006 0 0 1 1 3
879944 4513 0 0 1 0 2
115569 1435 0 1 0 1 2
771472 2949 0 0 0 1 2
387637 345 1 1 1 1 2
957778 3457 0 1 0 0 2
639120 3294 1 1 1 0 2
90977 1784 0 0 1 1 2
800346 3254 0 1 0 1 2
365353 4158 0 0 0 0 2
586066 1021 1 0 1 0 2
869584 2188 0 0 0 0 2
699307 1749 1 0 0 1 2
154466 2691 0 1 1 0 2
811965 2559 0 1 1 0 2
84068 4895 0 1 1 0 3
687102 549 0 0 1 0 2
841871 3423 0 0 0 1 2
656939 2576 1 0 0 1 2
790065 4915 1 0 1 0 2
567923 2923 1 1 0 0 2
327164 198 0 1 0 1 2
957069 1072 1 1 1 1 2
38114 882 1 0 1 0 2
259099 862 1 0 1 1 2
773743 4431 0 1 0 1 2
656379 3811 0 1 0 0 2
414488 4570 1 1 0 1 2
858996 62 0 0 1 0 2
49807 309 0 0 0 0 2
392671 3868 1 0 0 1 2
638472 4246 0 0 1 1 2
580329 2383 0 1 0 1 2
322106 3230 0 1 1 0 2
893743 4533 1 1 0 1 2
179907 4112 0 0 0 0 3
408110 1246 0 0 0 1 2
841851 747 0 1 1 1 2
983534 2490 0 1 0 1 2
419011 499 1 1 1 0 2
940765 1503 1 1 0 0 2
435010 1283 0 0 1 1 2
403662 3914 0 0 0 1 4
351499 1585 0 1 1 1 2
669352 2023 0 0 1 0 2
319064 3550 0 1 0 0 2
901702 553 1 0 0 1 2
469880 4606 1 1 1 1 2
165278 2658 1 0 1 0 2
86117 1105 0 1 1 1 3
96993 4378 0 1 1 0 3
91862 3941 0 0 1 1 2
426713 247 1 1 1 1 2
171275 2472 1 1 0 1 2
513897 2013 1 0 1 1 2
687918 350 0 0 1 1 2
332025 3785 0 1 1 1 2
725482 3026 0 1 1 1 2
235690 1627 0 1 0 0 2
377362 3080 1 0 0 1 2
211721 171 0 1 1 1 2
329310 2811 1 1 1 1 2
434397 2744 0 1 1 0 2
739662 2856 1 0 0 1 2
540507 4237 0 1 0 0 2
189207 1603 1 0 1 1 3
998594 885 1 1 0 1 2
792290 3315 1 0 0 1 2
177492 4366 1 0 0 1 2
270874 3823 1 1 0 1 2
720890 3031 1 0 0 1 2
114544 807 1 0 1 1 2
808085 631 1 0 1 0 2
169218 3588 0 1 1 1 2
324637 488 1 1 0 1 2
174580 1522 0 0 0 1 2
140672 343 0 1 0 1 2
479779 3672 1 0 0 1 2
160392 3940 1 0 1 1 2
274273 5029 1 0 1 0 2
466849 2537 0 1 1 0 2
223509 3616 1 1 1 1 2
932715 3391 0 0 1 0 2
806022 3417 1 0 1 1 4
506188 3105 1 0 1 1 2
479949 2370 1 0 0 1 2
310610 4410 1 1 1 1 2
49054 4445 0 1 1 0 2
43167 3513 0 1 1 0 2
837083 1460 0 1 1 0 2
694375 104 0 0 0 0 2
923723 2255 0 0 0 1 2
947922 3233 0 0 0 0 2
341067 3065 0 0 0 1 2
736984 826 0 1 0 0 2
972913 864 1 1 1 0 2
983462 1530 0 1 1 0 4
647487 2653 1 1 0 1 2
713160 2229 0 1 0 1 2
24356 3469 1 0 1 1 2
928767 3384 0 0 0 0 3
642594 976 0 0 0 0 2
806367 3064 0 1 0 0 2
531281 262 0 0 0 1 2
531292 2482 1 1 0 0 2
207500 252 1 1 1 1 3
625833 4092 1 0 0 0 2
293983 4397 1 1 1 0 2
31867 841 1 1 1 1 2
474889 3928 1 1 0 1 2
322903 2554 0 1 0 0 3
717722 1862 0 0 0 0 2
889897 1670 0 1 0 1 3
313271 2152 0 1 0 0 2
100469 2525 0 1 0 1 2
196548 190 1 0 1 0 2
694681 2015 0 0 0 0 2
504544 4684 1 0 0 0 2
612642 3356 0 1 0 0 2
897799 2058 1 1 0 0 2
857262 4687 0 1 1 1 2
179218 471 1 0 0 1 2
383869 3314 0 1 1 0 2
24948 4180 1 0 0 0 2
518055 2320 0 0 0 1 2
64579 901 0 0 1 1 2
890392 2246 1 0 1 0 4
946102 4124 1 1 1 1 2
931556 2494 1 1 0 1 2
477679 1020 0 0 1 0 2
191239 4297 1 1 0 0 2
786061 2879 0 1 1 0 3
340724 3261 0 0 1 0 2
162148 1893 0 1 1 0 2
143650 3300 0 0 0 0 2
327767 2910 0 0 0 1 2
215867 9 0 0 1 0 2
610993 929 0 0 1 1 2
594869 2478 0 1 1 1 2
24019 162 0 0 0 0 2
332642 4911 0 1 1 1 4
851549 4057 0 1 1 0 2
393460 3485 0 1 0 0 2
983436 4382 0 1 1 0 2
22456 993 1 0 1 1 2
809949 4097 0 1 1 1 2
130082 4187 1 1 1 1 2
243977 4902 0 0 0 1 2
390447 4421 1 0 0 0 2
540349 2185 0 0 0 1 2
972991 3948 1 1 1 0 3
472690 2108 1 1 0 0 2
739071 141 0 0 0 1 2
213884 3471 0 1 1 0 2
379663 3667 1 0 0 0 2
532368 2249 1 1 0 1 2
794067 4682 1 1 1 0 2
623327 4920 0 0 1 0 2
289795 1277 1 1 0 0 2
668312 4631 1 0 1 0 2
725461 1066 0 0 1 1 2
211385 3370 1 0 0 0 2
371555 863 0 0 0 0 2
244266 847 0 0 1 0 2
862067 1921 0 0 0 0 3
204582 242 0 1 1 1 2
436493 491 0 1 0 0 3
812659 1755 0 1 1 1 2
456809 9 1 1 0 1 2
728987 3386 1 0 1 1 3
646063 2048 1 1 0 1 3
586350 4393 1 1 1 0 2
145039 3628 0 0 1 0 2
502156 4869 0 1 1 0 2
641042 4140 0 0 1 1 2
884350 4212 0 1 1 1 2
337462 3739 0 1 1 0 2
930533 4630 0 0 1 0 2
25317 1072 0 1 1 1 3
588057 1773 1 1 1 0 3
605458 3286 0 1 0 0 2
644257 2570 1 0 0 1 2
654760 1342 0 0 0 0 2
687947 3204 1 1 0 1 2
749607 504 0 0 1 1 2
243899 679 0 1 0 0 2
992292 818 1 1 1 0 2
636175 1241 0 1 1 0 2
694872 3474 0 1 1 1 2
947279 1931 1 0 0 1 2
653033 4394 1 0 0 1 2
508854 3158 1 0 1 0 2
530080 1973 0 0 1 0 3
647809 3411 0 1 0 1 2
154482 3139 0 1 1 0 2
17636 1268 1 0 1 0 2
992709 1642 0 0 1 0 2
29167 1296 0 1 0 1 3
504179 4810 1 0 1 1 2
686498 1225 1 1 0 0 3
796893 906 0 1 0 1 2
315429 2236 1 0 0 1 2
678483 332 0 0 1 0 2
921779 3274 0 1 0 0 2
181291 1886 1 0 0 1 3
15292 4552 1 1 1 1 2
79135 3180 0 0 1 0 2
367187 4051 0 0 0 1 2
616310 4444 0 0 1 1 2
300791 1336 0 0 0 0 2
409191 1734 0 0 0 0 2
549955 4187 0 1 1 1 2
875480 4440 1 1 0 0 2
133654 3608 1 1 0 0 2
552688 2105 0 0 0 0 2
980829 95 0 0 0 1 2
575348 2145 1 0 1 0 2
397016 1160 1 0 1 0 2
537767 2408 0 0 0 1 2
652313 4513 0 0 1 1 2
723144 4743 1 0 0 1 2
442695 3797 0 1 0 1 2
832276 3311 0 0 1 0 2
316397 2420 0 1 0 0 2
538831 1178 0 0 1 0 2
693370 260 0 1 1 0 2
705902 3263 0 0 1 1 2
911338 298 0 1 0 1 2
484937 1094 1 0 0 1 2
443499 4501 0 0 0 0 2
746636 1332 1 0 1 1 2
371214 2925 1 0 0 0 2
340611 2546 0 1 0 1 2
488956 2956 1 1 0 0 2
111983 1634 0 1 1 1 2
789650 4041 1 1 0 0 2
800493 4703 1 0 0 1 3
310826 1599 0 0 1 0 2
739257 3086 1 1 0 0 2
628505 3946 1 1 0 1 2
747840 979 0 0 1 1 2
504133 1321 0 1 1 1 2
529072 1425 0 1 1 1 2
787736 1399 0 0 0 1 2
20406 2091 1 0 1 0 2
425117 732 0 0 0 0 2
121343 3586 1 1 1 1 2
909938 3093 1 1 0 0 3
64638 2817 1 1 0 1 3
256604 2721 0 1 0 1 2
401229 1584 0 0 0 1 2
886759 2387 1 0 1 0 2
403422 2398 1 0 1 1 4
918312 1306 0 0 0 0 2
442551 4016 1 0 0 1 2
988139 2982 1 1 0 0 2
675338 1505 1 1 0 0 2
309688 2263 0 0 0 0 3
390607 4505 0 0 1 0 2
577186 4759 0 1 0 0 2
946583 966 1 0 1 0 2
331643 4203 1 1 0 0 2
83045 633 0 0 0 1 2
129268 4529 1 0 1 0 2
963145 4422 0 1 1 0 2
220233 1620 1 1 1 0 3
737111 1659 0 0 1 1 2
883162 4309 0 0 0 0 2
132701 1982 1 1 1 0 2
901335 1067 0 1 0 0 2
560034 959 1 1 0 0 2
379767 2457 1 0 1 0 2
669816 3284 1 1 0 0 4
563929 1552 0 0 0 0 2
325368 632 0 0 0 1 2
843804 3421 1 1 0 0 2
952343 408 1 1 1 1 2
782843 4987 1 0 1 0 2
231896 1668 0 0 1 1 2
223800 4654 0 1 1 0 3
341660 4655 0 0 0 0 2
799945 2575 0 0 0 0 2
894846 561 1 1 0 1 2
808869 4766 0 0 1 0 2
226567 1649 1 1 0 1 2
170080 2354 1 0 0 0 2
703990 3716 1 0 1 1 2
362549 1619 1 0 0 1 2
128376 3826 1 0 0 0 2
158495 339 0 1 1 0 2
963122 159 1 0 1 1 2
959480 1542 1 1 1 0 2
962785 1399 1 1 1 1 2
658972 1440 1 0 0 0 2
830106 4404 1 1 0 0 2
464313 4890 0 0 1 1 2
825225 2108 1 1 1 0 2
189490 561 1 0 1 0 2
599541 1214 0 0 1 0 2
858884 1062 0 0 0 1 2
461035 3662 1 0 0 1 2
864747 509 1 1 0 0 2
89074 3814 0 1 1 0 2
637478 4545 1 1 1 0 2
384897 3558 1 0 1 1 2
521876 2995 0 1 1 0 2
786613 2465 0 0 1 1 2
883562 3119 1 1 0 0 2
641128 1582 0 0 1 0 2
74300 2192 1 0 0 1 1
317932 3712 1 0 0 1 2
953122 4300 1 0 1 1 2
849828 1552 0 1 0 0 2
245654 3492 0 1 1 0 2
21728 3503 1 0 0 0 2
548184 2000 1 1 0 1 2
656658 376 0 1 0 0 2
132551 1167 0 1 1 0 2
892139 4581 1 1 0 1 2
317787 3772 0 1 1 1 2
636532 878 1 0 0 0 2
257973 2192 1 0 1 0 2
394387 3194 0 0 1 1 2
848302 3010 0 0 1 0 4
535810 1089 1 0 1 1 3
490179 2474 1 1 1 1 2
740733 1205 0 0 1 1 2
847833 1540 0 0 0 1 2
958970 811 0 0 1 0 2
983400 4156 0 0 1 0 2
76570 1537 1 1 1 1 2
600598 428 1 0 1 0 2
439152 2822 0 0 1 0 2
281320 465 1 0 1 0 3
164302 4586 1 0 1 1 2
845973 1966 0 0 0 1 2
801832 2606 1 1 1 0 2
275832 3305 1 1 0 0 2
33522 1763 0 0 1 1 2
515512 2781 0 0 0 0 2
251877 520 1 0 1 1 3
90685 312 0 0 0 0 2
934685 1435 1 1 1 1 2
973099 1394 0 1 0 0 2
106364 4045 1 0 0 0 2
118919 3262 0 1 1 1 2
966887 4417 1 1 1 0 3
347921 5027 0 0 1 1 2
698909 1047 1 0 0 1 2
685498 373 1 0 0 0 2
301152 4159 1 0 1 0 2
5799 1130 1 1 1 0 2
523647 2771 0 0 0 0 2
56896 1910 1 1 1 0 2
665750 2055 1 0 0 0 2
787529 2583 1 0 1 1 2
103125 2907 0 0 0 1 2
393057 4792 1 0 0 1 2
693415 4840 1 1 1 1 2
11542 2504 0 1 0 0 2
880220 1195 1 1 1 1 3
947621 4592 1 0 1 0 2
801599 4505 0 1 1 0 2
348778 712 0 1 1 1 2
716156 2955 0 1 0 1 2
756390 3759 1 1 1 0 2
566046 3147 1 1 1 0 2
482140 1874 1 0 1 0 2
84333 4935 0 0 1 0 2
99277 3948 0 1 0 1 3
479897 2022 0 1 0 1 2
221840 1516 0 1 0 0 2
394538 4870 1 1 0 0 3
90486 1832 1 0 0 0 2
409940 413 0 1 0 0 2
402572 2128 1 0 1 1 2
744899 2173 1 0 1 0 2
199599 1582 1 0 1 1 2
205918 2180 0 0 1 0 2
755038 2830 1 1 0 1 2
779710 1150 1 1 0 1 2
112441 3325 0 0 0 1 2
263337 2104 0 1 1 1 2
575197 2074 0 0 0 1 2
498233 531 0 1 0 1 2
611712 1295 0 1 1 0 2
465518 1697 0 1 1 0 2
58038 4483 1 1 1 0 3
638901 3318 1 0 1 0 2
464532 2057 0 0 0 1 2
340798 1942 1 1 0 1 2
955424 4565 1 0 1 1 2
716387 1874 0 0 0 0 2
271679 2182 0 1 0 1 2
26491 4284 0 1 0 0 2
755771 4758 1 0 1 0 2
812467 3283 0 1 1 1 2
115331 4904 1 0 1 1 2
134448 2415 0 0 1 0 2
885840 1820 0 0 1 1 2
431292 31 1 1 1 1 2
577709 3762 1 1 1 0 2
516342 1760 0 0 1 0 2
27065 4132 0 0 1 0 2
771994 2171 0 0 0 0 2
877833 1598 0 0 1 1 2
507530 3232 1 1 0 1 3
954664 3698 1 0 0 0 2
979598 1268 0 0 0 0 2
678699 3813 1 0 1 0 2
454605 1540 1 1 1 1 2
685389 323 0 0 0 1 2
80841 504 0 0 0 1 2
62823 2731 0 0 1 1 2
881470 69 0 1 1 1 2
283202 1687 0 0 1 0 4
952339 1401 1 0 0 1 2
146384 1174 0 1 0 0 2
54145 3141 1 0 1 1 1
406048 1613 1 1 0 1 3
64706 150 1 0 0 1 2
882177 861 1 1 1 1 3
307081 3734 0 0 1 0 2
243373 42 1 1 0 0 2
998220 282 0 1 1 0 2
919363 4474 0 0 0 1 2
215675 2291 0 1 1 0 2
275069 1759 0 1 1 1 2
213090 4238 1 1 1 0 2
547780 3672 1 0 0 1 2
514990 722 1 1 1 0 2
83080 846 1 1 0 0 2
650435 4302 1 1 1 1 2
744206 1877 0 1 0 1 2
202184 2073 1 0 0 1 2
45337 334 0 1 0 1 2
512830 769 0 0 1 0 3
90215 1174 1 0 1 0 2
172799 2062 0 1 1 0 2
338461 4443 0 1 0 1 2
192725 305 0 0 0 0 2
926726 4625 0 1 0 1 4
196500 4377 1 0 1 0 2
261238 2072 1 0 1 1 2
163553 3101 0 1 1 0 2
224886 1287 0 1 0 0 2
939916 229 0 1 0 0 2
109092 4318 1 1 0 0 2
272891 2213 0 1 1 1 3
642005 1394 0 0 0 1 2
35954 2478 1 0 0 0 2
947920 3009 1 0 0 0 2
786600 1119 1 1 1 1 2
170363 3253 1 0 0 0 2
325564 4033 0 1 0 1 2
177433 4123 0 0 0 0 2
426483 2392 0 1 0 1 3
583207 1765 1 0 0 0 3
801822 2144 0 0 1 1 2
295942 2355 0 1 0 1 2
191150 4547 0 1 1 1 2
278971 4146 0 0 0 1 3
643021 2179 0 0 0 1 2
589857 2649 0 1 0 0 2
430751 4520 0 0 1 1 2
927818 3999 1 1 0 0 2
565753 2518 0 0 1 0 2
150039 815 1 1 1 0 2
358832 940 1 1 0 0 2
691036 2403 0 0 0 1 2
559720 1142 1 1 0 0 2
795631 3242 1 0 1 0 2
362977 4514 1 1 1 1 2
180086 864 1 0 1 0 4
96272 1175 1 0 0 0 2
743916 736 1 0 0 0 2
970216 904 0 1 1 0 4
594756 155 1 1 0 0 2
650820 1268 0 0 0 1 2
568615 1526 1 0 0 0 2
331240 1030 0 1 1 0 2
873350 2636 1 1 0 1 3
496633 2111 0 1 0 1 3
542312 1807 1 0 1 1 2
179026 1084 0 0 0 1 4
761298 2666 1 0 0 0 2
59080 2299 1 0 0 1 2
596109 1783 1 0 0 1 2
711071 3765 1 1 1 1 3
246356 1859 1 0 0 1 2
832822 2490 1 0 0 0 2
889109 4315 0 0 0 1 2
663506 1198 1 1 0 1 2
91434 976 0 1 1 0 2
112571 45 0 1 1 0 2
14033 60 1 1 1 1 2
335096 1640 0 0 1 1 2
159223 1190 0 1 1 0 2
294738 880 0 1 0 0 2
882346 314 0 0 0 0 2
914705 452 0 1 1 1 2
100779 2808 0 1 1 0 2
791385 322 1 0 0 1 2
714750 4865 0 1 1 0 2
621124 1311 1 0 1 1 2
392843 2914 1 1 1 1 2
731163 4453 1 1 0 0 2
603334 1583 1 1 1 0 2
110224 1343 1 1 1 1 2
207223 4952 1 1 0 0 2
26018 2408 0 0 1 1 2
915387 4174 1 0 0 1 2
583646 4544 0 0 0 0 2
904482 3940 1 0 1 0 4
306349 3112 0 1 1 0 2
551572 526 1 1 0 0 2
312128 1938 0 0 1 1 2
744685 193 1 0 1 0 2
589596 1394 0 0 1 1 2
542032 2999 0 1 1 0 2
543094 2668 1 0 0 1 2
112363 2298 1 0 0 1 2
618651 156 0 0 0 1 2
345036 2158 1 1 0 0 2
94513 3942 0 0 1 1 2
993832 3392 0 0 0 1 2
29822 2678 1 1 0 1 4
470428 858 0 0 1 0 2
314824 292 0 0 1 0 2
37522 233 1 0 0 1 2
83591 215 1 1 0 0 2
407234 2753 0 0 0 0 2
110115 4516 1 0 1 0 2
791261 535 1 0 1 1 3
160150 4418 0 1 1 0 2
527707 2538 0 1 1 0 3
163472 1648 0 0 0 1 2
85707 733 1 0 0 1 3
391415 3453 0 0 0 0 2
675535 89 0 1 0 1 2
145684 2734 0 0 0 1 2
580084 5020 1 1 1 0 2
507178 3270 0 0 1 1 2
642638 3627 0 1 1 0 3
45723 1927 0 0 0 1 2
102888 4702 1 1 1 0 2
320457 126 0 1 1 1 2
905628 66 1 0 1 1 2
275911 2721 1 1 1 1 2
603108 4286 0 0 1 0 2
139332 4533 0 0 0 0 2
242031 2592 0 0 1 1 2
984077 3848 0 1 0 0 2
272381 1652 1 1 0 1 2
551372 272 1 1 1 0 2
777263 4557 0 1 0 0 2
78502 383 0 0 1 0 2
147395 2142 1 1 0 0 2
651225 1472 0 1 1 0 2
297441 1073 0 0 1 0 2
145829 4353 0 0 0 1 2
877582 2573 0 0 0 0 2
113351 55 1 1 0 1 2
86366 183 1 0 1 0 2
702504 3196 1 1 1 1 2
943660 2319 1 1 1 1 2
192213 2255 1 0 1 1 2
677009 4719 0 0 1 1 2
560253 1825 1 0 1 1 2
881109 4311 1 0 1 0 2
657550 2394 1 0 1 0 2
221108 3212 0 0 0 0 2
784069 1956 0 1 1 1 2
594560 1607 0 0 1 0 2
515589 4620 0 1 1 1 2
320731 2723 0 1 1 0 2
760025 3700 1 1 0 1 2
354250 4070 0 0 1 0 2
906956 1478 1 0 1 1 2
125744 4322 1 0 0 0 2
616157 2144 1 1 1 0 2
174051 2512 1 1 0 0 2
6749 2096 0 0 0 0 2
426705 1269 1 1 1 0 2
345269 1237 1 0 1 1 2
901455 1889 1 1 0 1 2
181524 3530 0 1 0 1 2
650615 1089 1 1 1 1 2
994499 667 1 1 1 0 1
240819 1445 1 0 0 1 2
255525 1516 0 1 0 1 2
130118 4952 1 1 0 0 2
112183 4910 0 1 0 0 2
263209 1666 1 1 1 1 2
165567 858 1 0 0 1 2
622117 53 0 0 0 1 2
704155 1048 1 1 1 1 2
317781 4304 0 0 1 0 2
542874 2055 1 1 0 1 2
554627 3896 1 1 1 0 2
930548 4279 0 1 0 1 3
78321 205 1 0 0 0 2
615751 2736 1 1 0 0 2
12023 4717 0 0 1 0 2
274151 1498 1 1 1 0 2
311552 2941 1 0 0 0 2
998179 519 0 0 1 0 2
374265 809 0 0 1 1 2
708424 4949 0 0 0 0 2
384817 2166 1 1 1 0 2
278277 1248 1 1 1 0 3
161089 1303 1 1 0 1 2
673188 4311 0 0 0 1 2
288137 2561 1 0 1 0 3
486884 1018 0 1 1 0 2
90955 838 1 1 1 0 2
57354 4951 0 0 0 0 2
945780 1624 1 1 0 1 2
42417 3277 0 0 0 0 2
296214 3306 0 1 0 1 2
29245 3344 1 1 1 0 2
855793 4975 1 1 1 0 2
773300 3694 0 1 0 0 2
543079 2557 0 1 1 1 2
329130 2134 1 0 0 0 2
301213 3981 0 0 1 0 2
896515 5013 0 0 0 1 2
580308 3561 1 1 0 1 3
617816 3704 0 1 0 1 2
715021 156 0 0 1 1 2
61305 3568 1 0 1 0 2
956792 1544 0 1 1 1 2
511333 3935 1 0 0 1 2
414960 2638 1 0 0 0 2
730977 4833 0 0 0 1 2
471442 2560 1 0 0 1 2
103307 1179 0 0 0 0 2
326636 2055 0 0 1 0 2
604808 4323 1 0 1 0 3
693613 4103 0 0 0 1 2
739443 2284 1 0 1 0 2
639783 4136 1 1 0 1 2
818417 1408 0 0 0 0 2
323099 70 0 1 1 0 2
677956 2567 1 0 0 0 2
196672 4895 0 1 1 0 2
614302 5030 1 0 1 1 2
865818 2640 1 1 1 0 2
902777 1690 1 1 1 0 3
169435 3199 1 1 1 1 2
139717 4769 0 1 0 1 2
1785 1335 1 1 1 1 2
745211 3457 0 1 1 1 2
143783 4678 0 0 0 1 2
253040 2859 0 1 1 1 2
335807 1916 0 1 0 1 3
507483 4219 1 0 1 1 2
941134 2573 1 0 1 0 2
654065 3087 0 0 1 0 2
738406 1753 1 1 0 0 2
760551 85 0 1 1 1 2
811716 147 1 1 0 0 2
268904 4561 0 0 0 1 2
644931 4561 1 1 1 0 2
898047 3341 0 1 1 1 2
455153 1978 1 1 1 0 2
940818 2709 1 0 0 0 2
914974 2650 0 0 0 0 2
161263 4859 1 0 1 1 2
904878 1 1 0 1 1 2
337255 2371 1 0 1 1 2
5881 324 0 0 0 1 2
242297 1738 1 1 1 1 2
913490 1694 0 0 0 0 2
927461 4470 0 0 0 1 2
76666 1608 0 0 1 1 2
164741 1307 1 0 0 1 2
569140 2697 0 0 1 1 2
659482 1340 1 1 0 0 2
763122 1833 0 0 1 0 2
275148 4012 1 0 1 0 2
300279 1370 1 0 1 1 2
921896 4681 1 0 0 0 4
225922 144 1 0 0 1 2
164031 4577 0 0 0 1 2
281721 3377 0 1 1 0 2
863575 434 0 0 1 0 2
867872 4468 1 1 1 0 2
703051 4168 1 1 1 1 2
872920 4583 1 1 1 1 2
805388 2168 0 1 0 0 4
300518 1019 0 1 0 0 2
911113 3043 0 0 1 0 2
368269 2579 1 0 0 0 2
395092 4123 1 1 1 0 2
709100 2561 0 1 0 0 2
958626 2039 0 1 1 1 2
649859 2354 1 0 1 0 2
210163 606 1 0 0 0 2
918179 2482 1 1 1 1 2
273050 600 1 1 0 1 3
260133 1823 1 1 0 0 2
336004 2831 1 1 1 0 2
286733 3096 1 0 0 1 2
391238 2995 0 0 0 0 2
233111 4797 0 1 0 0 2
598807 1469 0 0 1 1 2
960814 4752 1 0 1 0 2
101872 4627 0 0 0 0 2
478731 4450 1 1 0 1 2
318392 2353 1 1 1 1 2
960657 2456 0 0 0 1 2
524063 1693 0 1 1 0 2
243001 309 1 1 0 0 2
874225 2250 0 1 0 0 2
663635 3126 0 1 1 0 2
27995 737 0 1 0 1 2
234984 4813 1 1 1 0 2
966780 2330 0 0 0 0 2
169043 902 1 1 0 1 2
