4
100
6540 3493 1 1 1 0 2
2595 4902 1 1 0 1 2
2579 3630 0 1 0 1 2
7303 3562 0 1 0 0 2
3501 1638 0 0 0 1 2
3088 4287 0 1 0 1 4
4589 2256 1 1 1 1 3
8224 4554 1 0 1 1 2
3193 2388 0 1 1 1 2
7438 169 1 1 0 1 2
7004 4200 1 0 1 0 2
3736 4044 1 0 1 0 2
9910 312 1 1 1 1 2
6987 1536 0 0 0 1 3
2352 915 1 1 0 0 2
8605 4048 0 0 0 0 2
3626 51 0 0 0 0 2
3131 134 0 0 0 0 2
88 3235 1 0 0 1 1
3569 1860 1 1 0 1 2
1106 3631 1 1 0 0 4
3039 1570 1 0 0 1 2
2895 4641 1 1 0 1 2
5807 588 1 0 0 1 3
2617 4310 1 1 0 1 2
5225 1662 1 1 0 1 2
482 2527 1 0 1 1 2
353 4279 1 1 0 1 2
88 2904 0 0 0 0 1
9275 3527 1 1 1 1 2
1607 1889 0 1 0 1 3
6183 1790 1 0 1 1 2
6302 1811 1 1 1 1 4
6858 3268 0 0 1 0 2
7398 4524 0 0 1 0 2
4331 1523 1 0 0 1 2
782 4171 0 1 0 1 2
2506 3921 0 1 1 1 2
7801 2128 0 0 1 0 3
5519 4991 1 1 1 1 2
6060 4077 0 1 0 1 2
9047 3870 0 1 1 0 2
3039 2769 1 0 0 1 2
8212 3071 1 1 0 0 2
328 4633 1 0 0 0 2
8753 228 1 0 1 1 2
7133 568 1 0 1 0 2
3350 25 1 0 1 0 3
869 721 0 0 1 1 2
9257 4763 1 1 0 1 2
4257 4760 0 1 1 1 2
5775 2982 0 1 1 0 2
6332 2224 1 0 0 0 4
3136 529 1 0 1 1 2
5039 3883 0 1 1 1 2
1926 4280 0 0 0 0 4
3848 4822 1 1 0 0 3
165 1931 0 0 0 0 2
6017 1412 0 0 0 1 3
6972 4303 0 1 1 1 2
6661 5013 0 0 0 0 2
598 318 0 0 1 1 3
2101 480 1 0 1 0 3
4435 4271 1 0 1 1 2
6491 3336 0 0 0 1 2
2060 2297 0 1 0 1 2
624 3972 0 1 1 1 2
2492 2913 0 0 0 1 2
5005 4453 0 1 1 1 2
8983 3786 1 0 0 0 2
7626 2798 1 1 1 1 2
4185 168 1 0 1 1 2
5133 562 1 0 0 0 2
3758 459 0 1 0 0 2
4133 428 1 1 0 0 2
1520 4939 1 1 1 0 3
9401 619 0 0 1 1 2
7614 897 0 1 0 0 2
9972 468 1 1 1 0 2
6058 4006 1 1 0 1 2
6701 770 1 0 1 1 3
200 4557 0 0 1 1 3
5462 2870 1 0 0 1 2
5147 3725 0 0 0 0 2
1058 166 1 1 0 0 2
9302 3146 1 1 1 0 4
4291 4769 0 1 1 0 2
5250 4879 0 1 0 0 3
7172 4766 0 1 1 0 2
7277 3372 1 0 0 1 3
1662 4520 1 1 0 0 2
4536 1269 1 1 1 0 2
2272 286 0 1 0 0 2
6113 2469 0 0 0 0 2
8811 2637 1 1 1 0 2
9156 1556 1 0 0 1 2
8928 2908 1 0 0 1 2
8337 631 1 1 0 1 2
5604 3015 0 0 0 1 2
2503 2787 0 0 1 1 2
