41 61
30 6
...##########################################################
............#...........#........#.....#..............#..#..#
#..#######..#..################..####..#######..#..#..#..#..#
#.....#..#....................#...........#.....#..#..#.....#
#..####..#######..#..#######..#..#######..#..####..####..#..#
#.....#...........#.....#..#..#.....#..#..#.....#.....#..#..#
####..####..#######..####..#..#..#..#..#..#..####..#######..#
#.....#.....#...........#..#..#..#..#..#.....#.....#........#
#..#..####..#######..####..#..#..####..#######..#######..####
#..#..#..#.....#.....#..............#........#........#.....#
#..####..##########..#######..#..#######..#..#..#..####..####
#..#..#...........#..#..#..#..#.....#.....#..#..#...........#
#..#..#..####..#..####..#..#..####..####..####..####..#######
#...........#..#.....#..#..#.....#..#........#.....#..#..#..#
#..##########..#..#..#..#..#..#######..#######..#######..#..#
#.....#........#..#..#.....#.....#........#..#..#.....#.....#
####..################..#######..####..#..#..####..####..####
#.....#........#..#........#..#........#.....#.....#........#
#..####..#..#..#..####..####..#######..#..####..####..#..####
#..#.....#..#...........#..#.....#.....#........#..#..#.....#
##########..####..####..#..####..#..#..####..####..#######..#
#...........#..#.....#..#.....#.....#..#..#........#........#
#############..#..####..####..#..#######..#######..#..#######
#..#.....#...........#..#...........#..#........#.....#.....#
#..####..#..##########..##########..#..####..####..#..#..####
#..............#..#.....#.....#........#.....#.....#..#.....#
####..#######..#..#..#..####..##########..####..#..#..####..#
#...........#.....#..#..#..#.....#..#..#..#..#..#..#........#
#############..#######..#..####..#..#..#..#..#############..#
#.....#..#........#..............#.....#........#........#..#
#..####..##########..####..####..####..####..#..#######..#..#
#..#.....#...........#.....#........#........#..#........#..#
#..#..#..#######..#..#############..#..#..####..#######..#..#
#.....#..#..#.....#..#..#..............#.....#........#.....#
#..#..#..#..##########..#..####..#..#..#..####..#..#..####..#
#..#..#........#...........#..#..#..#..#..#..#..#..#.....#..#
#..#..##########..#######..#..#############..#..#######..#..#
#..#........#..#.....#...........#.....#.....#.....#..#.....#
####..####..#..#..#######..##########..#..#..#######..#..#..#
#........#.....#.....#...........#........#..............#...
##########################################################...
721
16 6 915351945
3 60 241994629
22 5 536228505
3 32 249488399
6 53 843577436
21 59 464153037
40 3 867331477
40 56 74002209
31 21 168397703
16 59 863381405
26 36 105035888
16 15 875525126
12 54 837486936
16 57 387138748
26 37 770147486
13 3 368398184
26 21 497155467
26 39 691244372
20 27 981164380
27 17 267523621
18 59 823969140
34 17 136732934
7 41 810302750
26 18 11137595
36 18 536718117
18 21 938091837
25 38 406105807
27 29 193399329
36 36 428326426
32 35 841573491
6 48 444339218
17 32 370988297
18 55 227574946
10 45 863321150
10 50 212024558
33 8 614083209
38 58 163874097
3 47 16016896
18 41 235941223
24 7 663845001
30 42 41487547
32 13 393660108
16 42 108571198
35 48 837033111
37 27 310085064
8 56 345348772
18 57 814231962
39 15 538531601
36 19 293464814
6 29 687053837
31 33 136511199
20 26 42835925
26 8 401138801
30 16 27102100
6 21 481609346
33 60 725956839
32 18 646777104
9 27 206334173
40 40 824106121
4 46 666319509
22 10 121034341
16 11 175404912
4 18 856920814
20 5 304279623
40 51 942391677
29 32 455331470
23 30 851427782
2 49 173117821
33 42 870433992
34 29 319691028
27 48 934487230
8 53 209490186
30 50 29071706
20 33 290699742
32 16 134253559
6 15 417192596
37 3 945621280
40 23 989067621
10 51 844420672
26 54 808158092
1 3 200504238
14 10 903701334
11 45 609361925
2 1 581324723
26 57 597138275
16 13 666429479
30 25 412129800
17 41 635262331
29 60 92380309
16 8 753972190
15 59 344982481
36 26 310420712
2 26 932046522
16 39 664980270
18 14 339028560
6 20 8193973
38 43 875704377
15 14 664798012
18 34 740077658
25 12 364549330
27 54 690787377
33 39 758877847
15 15 714162682
10 59 723224730
18 12 234787136
16 5 178316183
24 8 839243779
7 38 138730238
18 47 387568478
20 44 313224363
26 3 523790120
30 13 335896900
14 30 930967383
27 41 468009720
9 26 502512594
2 48 35097836
22 7 723632337
8 6 116719297
30 37 463831404
24 59 381785395
11 50 135916972
40 55 113234256
36 14 850202488
24 51 764422601
34 54 113274471
36 30 166326082
34 28 183004320
38 6 30092740
11 9 430921605
24 2 400982473
22 11 589012270
17 44 62396660
30 27 407130862
13 17 431900156
28 47 204882041
7 12 299238115
18 39 389496591
31 3 722976614
11 56 972961172
2 44 698040562
26 14 92922555
6 60 679111369
30 6 347584236
13 35 633127439
1 1 686916132
32 17 686878576
22 14 418333713
34 16 405878322
16 37 571936289
19 9 561750355
20 38 283921102
39 45 855790684
14 9 429424681
2 53 725308095
13 54 134014563
16 45 695041631
6 59 951759532
30 51 459724998
10 39 337484044
12 18 471018993
5 32 787430342
21 24 143492667
7 51 185595494
11 29 945443620
30 20 536148856
2 12 332027827
8 54 34503710
26 9 624040542
10 33 153839180
7 59 251240498
15 18 992135284
36 21 291138313
22 46 71893570
17 6 327931941
17 56 355672313
8 60 614039591
38 47 943013867
22 48 804882915
11 20 644471352
18 56 719801865
10 56 51302205
22 21 194785470
38 14 265123250
19 23 608008228
32 27 378549131
9 57 280026084
30 47 284064123
30 23 916009027
18 35 641789541
40 20 535448473
10 29 631865874
40 49 541666615
39 14 864453430
6 6 219898443
10 15 824929411
18 17 1723162
32 26 615870199
30 39 950217406
22 41 920971973
12 21 983155897
11 30 291098970
31 48 722959658
34 23 984577909
21 32 151174741
22 19 865121015
18 54 999105213
7 5 406816323
24 32 414782298
22 29 548053441
4 19 921661965
18 38 784955051
4 13 512063159
24 3 33824326
2 7 245637868
20 50 626962120
14 7 586260204
24 20 945222068
6 17 381460136
24 27 821765360
34 12 118675933
40 24 102242660
38 36 104513494
20 2 365808615
17 5 29069986
4 17 618776475
10 12 543695373
24 21 591202844
11 32 931684707
7 50 171520754
38 53 54024788
16 50 278341888
40 48 443376126
4 47 77798802
38 56 351013529
26 45 1494488
38 42 236265775
14 27 402236554
25 56 602109426
31 44 228915106
26 26 534198413
18 53 985031661
10 41 209976274
4 38 242562389
23 29 683581558
40 4 449683805
18 48 466868082
18 3 707977740
2 57 462888460
39 60 909590130
2 29 38087650
5 20 688173810
4 3 90604906
36 35 326015985
23 33 131158120
16 52 172510115
38 51 690487890
15 48 12008097
14 54 59279282
27 20 331322082
26 30 437868590
35 26 171450559
2 33 22643752
14 44 803584640
29 41 60459555
37 48 686645800
24 28 27833873
40 61 809789065
32 34 956796435
35 47 385647119
23 54 215098400
24 9 839726622
41 60 57587748
34 6 187774817
34 11 961431402
2 51 819074511
16 53 680034392
37 26 562907701
23 14 628240514
18 36 333840727
36 33 402582399
35 41 644965508
24 5 615732279
8 57 896402763
39 44 335779104
14 35 459814616
22 45 265634056
8 43 876974824
28 32 947813845
6 3 891178086
2 39 211375170
11 21 889816380
28 31 655559322
38 5 425552251
5 57 475066474
29 15 597508654
16 41 215732937
20 30 533739179
18 49 296497786
14 5 330811371
6 50 142613891
31 56 744898148
26 48 644017961
5 18 100102524
19 57 55086976
28 36 770536381
19 15 228257258
14 38 227440571
16 25 617978047
34 51 552815143
22 59 843837249
32 36 167456695
14 53 192112304
22 30 715009405
10 3 628831727
30 35 531148665
40 53 332371767
32 8 372171168
30 30 30030019
32 52 8482990
7 27 755120746
25 8 63439787
40 25 244504321
40 2 925326892
28 12 930747823
34 20 736621808
20 12 982495379
28 59 70547902
4 27 475013633
20 57 790515977
12 41 404726745
24 33 608831862
38 3 48769890
20 24 94720074
35 27 832308402
30 55 35868235
11 3 223937326
2 3 274369368
22 28 156695144
12 40 538622393
12 38 122471991
36 27 416093352
34 5 158213715
18 6 565538737
10 43 519957756
24 50 519531724
4 28 32125249
14 11 456926917
8 15 544617422
16 9 172097593
32 56 700743342
10 13 89930060
22 53 126823137
39 17 438798272
25 24 764661073
28 29 522512075
17 24 279089872
8 42 658339981
40 41 944210920
8 21 86107807
13 29 170358944
20 3 154053190
2 11 526882106
6 14 334821012
12 45 733538586
24 38 809410794
20 31 644751963
36 22 590712565
20 11 107759279
28 24 810958875
19 38 505761855
34 34 990229389
38 26 371003713
28 10 946683759
20 17 634715212
4 33 589647697
16 58 313840730
26 32 546340025
38 2 348132319
10 8 416751846
30 14 236297346
30 53 562286061
27 50 771550103
4 14 349831574
11 33 18316902
20 45 795966512
24 24 632126529
40 31 379584707
20 8 997596217
40 21 806532531
6 16 41247567
22 47 23177442
15 30 20856911
7 11 39484124
32 44 357807344
33 20 393174083
26 23 683819578
35 35 751038455
35 50 524074464
19 47 557447082
2 45 730953552
9 29 883240452
34 36 238705349
28 55 353631020
33 18 871184243
34 2 920681961
27 60 331662741
14 36 474485222
12 17 360430204
6 22 734557103
16 60 7787437
30 57 954915408
30 32 745274458
16 31 794479968
32 11 756244074
39 27 974854280
20 47 436512746
38 8 67473781
2 37 764717433
6 51 384649429
32 43 987970594
12 27 828022582
30 41 934917196
6 35 911365140
12 16 40418000
18 51 564035263
14 50 615741260
26 12 275515252
38 37 354961093
10 57 733460863
34 44 340499119
30 12 118415113
5 33 311857519
25 36 926888890
37 2 514726520
19 14 533910395
34 14 644100202
10 28 927414908
32 5 327698305
26 10 784533682
37 17 691237810
2 50 638726757
24 30 432643973
26 41 830622544
22 56 63116509
36 47 127521335
40 50 932872990
10 47 326057476
4 29 315000494
34 8 360827978
20 29 746628684
8 4 92750468
8 36 826979154
8 50 582597656
29 24 155651766
36 56 333082111
4 9 735295251
14 49 430637583
13 14 113404611
40 29 354191197
22 12 543914268
3 38 13816937
12 48 872679979
14 26 496404129
37 30 97520496
12 13 892267044
34 21 275517143
4 42 997208485
24 16 185943646
24 43 493294979
33 41 349561770
23 17 874279578
8 29 891308732
2 52 737210099
8 30 812422932
32 41 624726239
10 20 322083115
29 23 215663726
12 26 492296028
4 2 427428930
24 14 185183759
4 12 837741938
34 30 305356085
10 42 30728301
32 32 182904736
20 54 730383933
14 45 976408568
13 9 534641581
7 33 168823297
38 27 245047433
5 51 390466362
24 44 788325150
27 15 123602612
28 30 452705406
25 39 88200781
19 56 484802936
36 8 460562233
30 59 264902266
34 9 627780513
40 11 569713166
2 22 351125068
20 51 839911407
37 44 95931228
34 41 43598854
18 50 775543219
35 32 346601570
37 56 815026803
10 18 834566490
38 59 192843841
27 21 671954975
21 33 321380680
24 31 575973634
34 26 863079983
35 54 575221716
5 42 396539420
6 39 762831840
34 47 121720072
22 38 970317349
30 44 745842390
9 47 280655468
12 5 220913742
32 50 301653340
9 30 71826700
4 15 633374081
4 48 726762632
17 51 930904118
27 14 579370131
28 3 571050025
2 24 881193868
14 59 838135199
23 23 767921897
28 38 78030898
3 54 417499684
15 23 649592130
12 53 937816504
39 53 454256459
29 38 921453915
25 51 338191053
36 50 609950987
22 20 671718009
22 60 884687145
38 50 990886499
10 17 83549123
31 20 205604216
14 43 71500505
8 45 746720841
39 18 119069302
10 60 856726117
36 13 548836596
29 39 22539688
38 15 183614726
32 3 985761989
15 47 472908597
6 52 64696620
26 22 544045724
8 39 240260343
18 43 137666908
28 9 128236320
14 40 663967865
36 60 262783552
32 21 92003743
32 24 956688179
16 29 101087756
38 32 273642869
18 22 27701882
24 29 996449274
20 56 702480084
7 32 25509165
20 53 903393245
17 42 276739831
27 59 701304049
19 29 782282056
30 48 610893661
21 36 613928016
14 29 919431670
9 32 122338682
22 2 981576865
2 8 900633917
31 60 498553189
21 23 652127299
36 44 866953457
4 8 480581361
39 39 119764528
26 7 132705429
34 57 579563772
10 23 594374670
39 56 492077087
38 39 691146470
12 3 390390096
32 30 790899683
2 42 696969959
5 60 812115549
4 5 843007930
21 51 311471819
34 58 899429423
7 60 537672353
10 34 76217751
30 28 705068707
15 17 76880597
31 8 904009088
36 2 921426057
36 41 554051183
26 43 90433921
20 16 77604596
2 6 850327075
9 20 429384084
34 37 302362554
10 36 337429249
36 17 621917622
27 24 207296104
8 35 68778268
20 32 769516191
26 15 366931051
28 2 611386825
12 47 211561555
20 7 870154274
40 57 281690334
38 30 440353306
30 45 976000352
6 36 927498248
24 56 519142494
25 54 356184905
40 30 426211915
15 20 682242547
25 45 693351253
16 14 537059546
2 14 562016111
24 53 905352197
12 32 576936978
8 55 334822411
40 27 352251004
40 37 597429437
10 48 124726480
8 14 524727660
11 41 424620270
12 56 796427548
24 23 117950931
7 45 88346678
6 57 771813395
13 41 836252978
22 44 191331528
24 13 219190414
7 30 600788981
32 38 946525345
37 6 190944474
22 51 954322496
19 2 924573941
4 53 645070945
38 10 166317511
14 24 214641690
12 20 242624437
18 5 425527977
28 44 639473613
34 3 2138659
19 30 694840852
10 35 36380629
35 24 716821316
21 38 147268011
8 10 569213339
27 51 908108844
2 9 564096203
16 12 764264876
10 21 805576560
32 25 669361243
33 59 317924516
14 8 799344313
38 18 168662835
6 5 935127051
27 6 783034956
40 28 911044929
38 38 248215266
28 33 83274897
25 35 375951157
25 3 716759987
16 48 537600179
9 21 403020150
40 39 630235214
14 21 723099055
24 58 525188487
34 42 190843959
6 2 146127567
30 17 717041112
18 10 548319514
38 17 861259064
3 56 961216409
29 33 813561723
37 5 369503818
5 8 441525479
30 38 129456858
11 8 157505638
35 9 948951370
39 59 86190629
23 15 725111089
34 38 776384308
18 37 888913496
38 29 564701807
12 55 431651364
16 21 893042916
3 39 941339534
33 5 936020988
14 56 11891851
6 38 237565819
2 20 436743453
36 24 653083747
34 45 945925299
28 18 517128274
38 33 899591175
36 39 104994926
6 46 317910444
24 19 290196959
15 3 780809124
40 46 958379079
26 53 243774212
34 27 615108269
12 8 312404503
18 15 971810412
10 58 905173667
4 58 163312112
20 43 293849528
4 6 657700285
20 15 894973474
6 32 173501253
2
2 1
41 60
1 1
