16 16
1 14
.........#......
.#.#.#.##.#.#.#.
.#..#......#..#.
#..#.#.#.##.#.#.
.#..#.#....#...#
...#.#.#.####.#.
.#....##.##....#
##.#.#..#####.##
#####..#########
####.#..########
###....#########
####.#..########
##...#.#########
####..##########
####.###########
################
53
3 4 802310461
3 1 346637458
6 14 211388117
5 1 166942709
5 8 51278406
7 1 481686561
6 5 441575559
1 4 482483039
10 7 42471708
4 14 248402364
3 14 85808541
1 16 999369017
8 14 831779733
1 5 997435055
3 9 968392306
7 13 746574449
7 9 880661709
3 16 239352240
6 1 689161558
13 7 919709646
12 5 43103430
7 12 542859627
5 13 909183545
2 16 866575995
7 14 361704608
1 15 686474673
2 7 892773275
2 14 658346910
6 2 449187574
8 3 852905678
4 7 113148160
3 13 268255823
5 10 461635531
9 7 673526497
1 6 190666598
2 5 173868098
7 15 151150555
7 5 993468923
1 12 280203783
3 10 906483085
6 9 260183715
4 9 305506324
3 11 272199453
5 14 15739759
5 15 949498077
5 4 507001138
2 12 95044143
7 6 758857802
1 11 345254277
4 16 441348601
1 8 472782224
5 11 210991559
4 5 226859208
4
3 4 2 1
12 5
1 15
1 6
3 11
