700 1000 1
640 415
541 443
662 623
389 689
125 101
518 15
577 486
260 642
524 53
89 474
176 98
451 570
673 178
604 303
278 102
588 248
4 654
144 672
524 693
280 312
585 54
643 3
525 562
569 156
22 623
165 14
39 546
437 257
173 47
266 139
399 245
483 574
284 648
184 56
328 370
329 606
261 187
507 564
671 207
646 344
257 545
272 290
228 481
399 430
605 69
24 425
122 373
529 501
424 166
480 400
107 290
233 345
122 285
15 190
387 309
251 154
621 379
530 253
396 105
148 692
636 248
680 343
213 113
553 336
154 458
2 169
577 243
448 512
491 355
326 514
307 295
85 241
94 550
694 239
107 17
216 588
64 255
215 429
588 121
294 350
564 407
85 478
111 467
617 137
120 392
45 401
273 518
55 615
101 195
476 462
521 477
169 609
116 415
254 35
594 582
626 95
141 311
162 454
362 200
321 55
580 16
6 343
666 641
64 121
489 328
335 482
222 413
693 193
85 523
42 37
583 66
628 384
16 385
511 604
93 244
577 273
256 30
399 199
36 577
693 131
560 601
340 649
341 86
473 288
144 203
110 663
405 82
533 657
223 148
688 533
47 228
420 77
415 26
643 654
350 25
468 193
139 683
489 582
603 408
75 169
694 157
645 676
432 148
515 76
225 103
697 270
287 251
114 511
150 100
91 565
299 330
284 380
444 5
300 161
172 348
372 47
99 139
57 450
587 601
576 77
51 142
426 575
533 128
552 698
14 303
527 251
510 237
478 531
695 419
374 546
648 490
519 150
176 700
145 258
524 553
638 223
164 299
606 676
374 137
288 153
465 533
532 324
68 521
39 271
494 524
55 426
693 317
61 443
219 394
41 607
667 248
190 149
577 123
395 201
572 263
643 420
223 599
257 345
326 283
261 426
449 490
56 507
647 508
317 214
626 165
590 133
181 665
146 192
421 278
673 375
27 632
474 340
482 364
22 361
533 662
467 509
509 203
90 364
139 360
462 32
568 10
234 109
514 369
193 278
16 465
412 683
430 535
540 516
622 25
167 624
502 135
78 421
131 30
481 179
412 138
143 482
397 26
580 611
47 611
272 81
619 690
372 525
339 265
68 167
382 144
58 555
374 207
394 657
56 582
692 464
412 34
522 327
597 84
117 7
529 449
525 46
290 59
239 496
15 354
107 351
204 585
690 45
479 660
68 35
507 640
443 444
202 691
349 99
209 565
84 20
38 351
165 556
616 385
566 572
692 258
217 382
274 561
555 77
128 635
472 592
519 684
580 225
587 648
535 299
3 16
438 504
570 651
484 219
485 518
78 225
21 182
279 226
463 334
195 441
421 341
332 422
372 129
699 158
411 307
4 105
571 164
91 75
610 438
143 558
184 646
691 459
256 613
646 381
107 455
188 635
493 322
522 341
188 24
279 409
260 438
577 42
526 234
12 184
94 185
212 367
113 515
210 136
193 141
505 16
142 644
412 557
289 578
586 314
170 304
75 592
662 452
356 294
43 179
15 109
388 607
185 273
287 328
24 110
458 160
332 287
198 106
205 699
301 311
366 67
64 609
36 504
286 163
381 259
664 286
584 431
296 516
386 105
89 414
495 169
362 136
423 371
660 484
29 325
393 150
147 318
428 139
413 449
680 134
433 221
129 127
557 612
443 537
126 606
236 559
7 466
196 120
653 408
283 300
355 74
274 158
301 14
687 582
83 597
251 23
180 549
160 603
327 363
418 218
201 273
176 221
622 573
151 168
307 450
348 28
114 465
653 545
599 65
300 15
179 359
507 214
408 494
197 334
564 531
608 442
223 112
493 240
370 515
143 63
660 552
654 595
178 163
590 36
560 474
62 642
64 201
573 389
239 438
471 126
693 73
345 4
305 548
6 86
483 423
422 333
457 604
367 98
431 371
23 498
168 559
656 205
104 441
263 519
89 204
410 433
197 503
199 391
534 148
85 313
141 243
359 438
67 544
328 686
248 696
415 68
679 538
419 686
300 41
385 140
600 305
481 325
20 318
571 225
456 235
663 17
511 390
438 365
342 675
43 116
86 383
167 26
408 400
132 376
71 316
193 374
87 79
260 35
38 602
130 1
297 266
436 73
524 183
436 173
123 139
680 162
191 684
343 618
27 355
464 25
508 92
460 662
491 447
258 678
168 12
424 241
320 41
368 334
38 404
310 37
469 525
234 446
432 268
652 70
162 92
99 670
129 36
443 483
5 138
367 637
367 316
137 530
513 164
11 216
700 662
61 369
403 72
250 576
395 443
221 470
181 460
71 229
337 184
662 483
418 430
286 575
21 660
510 355
44 152
293 108
54 483
38 483
469 547
187 528
488 661
651 579
306 489
96 98
554 269
692 268
38 355
274 508
474 668
643 597
194 677
378 600
246 673
681 168
592 519
581 550
87 327
211 27
535 505
483 106
344 448
139 508
469 279
196 389
642 381
552 87
445 132
251 44
308 305
122 19
612 216
556 466
232 419
112 1
145 628
223 314
504 31
634 520
606 72
44 240
491 282
45 489
163 80
378 313
2 153
317 19
249 603
490 52
106 691
8 553
252 272
395 223
637 591
8 276
582 335
520 575
87 557
552 456
143 357
96 121
171 259
407 159
86 337
327 338
663 334
265 215
595 636
158 651
206 409
262 322
145 508
648 504
569 180
562 216
352 609
189 449
259 351
693 537
158 305
372 139
543 111
110 42
258 400
369 348
207 144
119 212
584 506
354 432
57 224
663 487
93 396
360 585
317 369
24 326
586 278
587 388
150 36
593 371
621 537
468 389
599 589
434 556
128 274
89 627
560 123
162 410
658 322
358 398
421 449
52 42
115 546
546 528
617 41
159 665
90 312
48 547
693 428
89 412
307 672
85 192
351 233
282 128
495 188
540 191
365 343
168 583
340 657
447 247
446 461
227 343
40 178
334 175
344 495
580 17
193 57
448 451
653 328
529 624
108 324
429 685
405 475
298 153
75 598
437 125
507 362
107 368
472 344
591 417
98 289
302 390
513 480
612 659
294 364
605 405
443 504
437 567
105 182
17 435
105 478
35 315
358 675
336 277
277 481
418 151
443 583
620 161
564 599
497 135
48 15
34 322
550 239
205 571
113 1
542 428
590 51
194 238
453 223
456 680
631 62
153 475
32 443
328 588
305 428
594 299
408 173
97 246
58 364
500 654
177 675
193 551
350 188
464 194
63 341
499 153
606 103
177 534
57 641
264 229
323 99
569 566
426 118
481 346
669 165
287 427
570 390
275 409
170 62
433 684
568 267
299 428
328 421
546 591
105 127
377 353
415 343
243 250
155 278
616 70
37 292
343 404
384 206
197 448
355 119
406 447
550 6
412 547
67 127
9 130
677 689
437 452
575 73
182 609
416 487
416 517
278 272
372 235
469 65
623 661
463 221
44 164
280 399
381 577
489 406
149 329
319 452
442 460
258 14
292 537
650 137
616 534
289 46
368 439
595 277
214 69
596 656
254 468
555 142
589 590
136 675
327 368
612 134
60 322
339 577
403 201
248 420
86 220
374 639
637 655
355 11
317 140
375 222
622 23
608 343
301 468
330 243
265 193
621 300
534 275
254 497
372 230
615 501
170 85
514 115
620 95
216 593
139 517
44 43
18 169
146 425
3 353
468 237
537 646
453 331
614 461
49 329
397 217
191 322
148 690
45 508
174 171
538 135
400 193
553 630
137 361
178 443
486 288
264 271
449 242
343 640
616 182
678 444
207 584
276 525
594 619
216 345
57 232
615 71
6 668
518 203
43 134
446 55
23 652
350 193
306 446
91 700
94 30
338 32
516 479
100 367
410 497
528 343
594 641
115 14
306 620
478 233
376 660
285 633
223 437
699 231
611 492
606 108
102 275
483 35
460 82
364 553
347 639
231 346
651 136
349 243
111 673
132 532
107 596
428 572
147 558
287 151
603 32
137 375
375 309
562 481
629 5
341 41
342 378
659 319
573 476
160 153
600 206
543 519
457 512
196 496
145 77
634 357
251 450
683 290
150 160
266 13
124 121
309 235
288 687
403 461
95 638
503 29
625 328
67 533
149 662
84 8
674 402
340 644
611 253
240 418
430 640
148 11
129 381
570 285
583 533
362 644
314 186
314 614
199 481
33 169
61 64
170 88
438 502
597 278
102 412
574 9
582 50
624 554
103 420
247 630
308 225
432 137
134 682
363 693
129 612
413 463
191 267
440 584
539 441
410 582
429 145
263 314
421 504
640 319
322 411
99 151
505 168
32 267
355 548
215 171
42 93
549 529
376 572
454 23
234 584
96 11
432 13
4 195
174 180
88 281
496 19
490 143
426 563
441 426
547 695
152 419
291 657
428 153
392 651
2 340
429 336
544 640
546 218
468 540
630 8
345 208
293 485
502 574
348 112
679 188
67 589
29 328
229 663
627 105
337 661
55 240
188 651
556 554
579 136
464 697
340 373
536 369
573 418
263 531
576 520
137 674
684 443
25 85
155 697
346 468
434 276
424 225
118 147
465 310
270 660
