1000 999 1
531 355
61 325
825 150
85 809
906 520
700 503
563 851
371 515
172 490
847 885
311 943
835 203
398 460
120 28
294 369
246 464
292 3
660 353
686 954
855 45
712 92
835 699
653 271
339 1
683 62
871 684
326 450
649 400
911 211
81 530
485 501
385 511
434 598
226 966
538 141
923 453
671 692
815 587
548 393
37 778
570 494
220 327
754 949
299 741
768 972
915 697
677 881
829 472
855 615
679 4
8 920
755 394
267 564
521 224
102 698
19 543
502 451
757 215
994 530
633 806
260 606
185 1
178 517
150 853
699 828
389 99
75 949
778 529
479 666
12 838
352 167
969 482
65 583
793 742
854 193
357 975
490 711
453 410
766 13
328 421
234 85
464 650
790 965
547 905
128 153
158 387
712 23
696 478
396 289
655 625
231 42
913 347
126 264
190 500
745 928
870 669
889 191
181 708
997 941
681 564
428 451
214 465
310 835
237 25
616 311
270 593
80 296
622 645
518 848
568 635
743 200
874 382
669 643
618 570
58 60
88 431
514 924
241 529
648 736
596 103
633 554
721 156
511 793
633 161
733 169
413 850
402 683
116 752
763 152
316 666
203 639
676 617
936 265
14 758
175 388
986 414
203 211
349 633
324 757
943 363
19 280
913 720
390 431
269 665
664 798
397 339
206 596
48 380
970 104
85 380
473 498
359 613
448 29
275 968
584 454
755 303
275 16
71 408
661 623
160 229
915 651
159 33
112 603
943 276
387 408
879 308
985 85
516 942
705 341
430 957
576 660
487 97
814 845
604 43
165 651
663 927
900 89
546 662
374 410
4 658
599 582
44 518
207 429
886 321
118 52
148 634
940 712
908 386
404 130
609 439
87 79
775 170
917 421
2 367
865 657
319 441
625 619
168 422
931 792
879 935
49 179
762 419
890 979
12 506
654 516
85 490
910 345
44 992
949 369
834 406
574 836
361 831
940 978
231 705
244 323
413 395
455 232
585 54
224 496
744 577
566 593
915 761
375 474
649 52
895 850
714 216
240 663
334 85
782 924
959 432
586 884
633 489
346 728
296 343
823 846
115 893
358 380
935 190
878 569
841 378
382 999
94 805
648 476
709 825
933 16
384 820
793 728
391 941
157 375
910 976
876 871
983 250
271 757
333 64
855 601
59 349
426 479
663 243
991 937
818 80
983 486
389 1
783 111
505 877
266 111
238 265
725 406
530 780
220 804
625 781
458 12
157 256
231 868
794 389
351 696
776 794
875 429
819 472
448 94
821 271
918 99
245 382
829 38
420 68
365 489
755 388
251 989
772 101
877 293
764 520
944 383
983 870
86 145
856 536
644 95
722 817
165 875
771 208
112 778
187 63
663 633
123 100
109 750
887 834
381 16
867 202
928 392
989 376
912 338
966 739
228 919
529 484
309 145
403 22
778 243
151 105
88 132
941 955
940 83
632 590
354 680
818 537
811 144
586 927
496 556
237 692
746 412
90 676
889 295
720 467
317 435
85 175
411 96
165 850
281 117
155 552
450 398
678 602
891 100
715 881
691 816
920 707
922 264
607 186
810 166
146 701
732 322
952 892
488 835
857 797
409 866
758 989
592 879
602 9
55 423
649 575
560 483
549 917
538 558
377 747
283 246
51 756
455 78
847 381
288 788
160 942
613 70
602 112
843 489
652 971
778 496
102 452
497 157
951 686
637 496
523 44
340 66
715 270
544 630
437 453
164 150
923 822
311 344
696 259
585 442
425 380
668 875
243 361
819 277
389 357
602 748
648 249
920 47
210 359
863 67
735 567
112 264
509 660
140 322
569 232
175 701
788 541
971 498
981 643
593 272
21 358
333 974
548 794
358 281
503 361
642 924
103 237
647 445
779 755
172 57
459 212
449 723
571 29
375 899
589 13
577 300
524 386
438 159
360 560
850 273
967 242
217 589
744 12
328 546
1 74
418 366
599 253
794 928
996 337
420 815
18 232
333 366
85 659
594 813
570 136
553 481
946 17
121 4
820 842
269 179
34 578
391 236
722 150
370 463
587 41
894 993
114 228
774 127
243 369
782 660
249 954
650 672
979 48
708 410
1000 809
438 524
870 440
160 180
127 834
470 837
793 121
667 315
438 469
821 69
103 330
257 496
857 482
744 221
334 914
849 241
597 958
834 692
193 820
916 706
103 590
903 192
231 30
978 898
293 137
150 555
188 844
403 582
516 778
593 264
457 53
614 227
197 85
480 910
519 684
490 980
152 658
196 483
751 455
110 927
571 126
851 503
404 46
264 702
407 464
856 334
362 701
863 967
608 263
690 854
444 737
288 359
425 158
72 163
784 526
484 471
836 165
243 268
266 942
740 274
731 530
129 971
315 935
230 231
31 567
462 435
960 42
120 826
971 595
808 955
703 678
591 845
551 729
907 819
786 310
88 447
913 139
410 62
18 261
244 788
542 801
318 133
773 404
861 749
579 603
265 644
831 122
246 223
569 213
883 835
433 203
967 107
640 580
553 346
643 85
175 778
133 990
54 900
192 522
800 807
311 737
778 285
144 316
470 902
84 853
399 138
297 796
260 37
735 306
737 396
94 675
1000 91
612 199
568 708
99 970
279 659
809 421
124 123
870 717
990 832
644 487
334 468
130 879
545 809
799 652
882 419
572 421
69 747
593 354
507 14
451 925
707 773
398 350
904 472
27 145
735 192
480 307
327 167
66 740
491 702
247 593
175 770
125 34
820 198
240 477
711 781
94 2
430 106
133 692
349 82
740 978
130 108
467 254
243 624
659 696
897 14
844 352
93 683
410 678
189 472
963 237
293 593
195 718
88 524
800 668
930 247
678 605
99 902
301 812
113 514
719 442
829 823
313 986
919 116
688 446
711 565
214 879
963 620
566 27
15 433
255 611
266 785
557 464
912 427
231 110
775 863
342 765
902 608
835 282
322 475
101 166
264 864
239 652
382 45
5 278
396 528
666 204
958 883
35 541
249 105
136 411
56 388
461 483
521 944
641 372
246 360
149 523
852 464
794 991
839 136
233 246
99 138
389 947
287 834
871 967
899 337
518 127
706 636
16 878
946 375
977 350
959 222
529 982
131 146
545 515
670 934
870 726
659 909
359 926
386 378
687 818
737 380
694 867
308 945
744 945
609 927
243 342
60 706
915 191
627 159
790 554
288 938
46 901
36 825
156 814
417 726
993 290
701 50
809 646
559 48
814 626
115 337
794 10
734 657
53 12
314 809
287 208
39 493
862 403
1 182
464 243
172 302
673 472
102 348
530 137
813 4
298 405
621 901
234 873
641 713
217 856
165 482
768 872
520 540
945 924
247 932
704 919
643 67
374 611
686 614
535 793
194 12
50 682
148 42
179 591
879 524
836 24
580 610
438 693
586 445
369 796
25 750
129 45
137 195
634 312
235 807
212 320
116 978
964 23
917 532
924 225
879 722
77 132
950 843
870 143
85 4
830 243
629 76
305 999
103 727
150 177
83 738
942 265
79 942
998 602
784 492
485 614
734 344
859 31
560 582
961 781
815 566
54 118
931 726
424 615
991 331
485 334
875 430
995 279
462 369
118 711
941 940
833 183
495 231
85 539
27 759
947 142
948 928
732 199
783 695
335 821
866 599
313 753
913 1
183 46
598 917
787 290
951 952
329 455
814 389
222 672
824 800
443 407
258 226
380 345
20 331
454 543
641 446
542 626
508 530
203 428
37 301
11 841
550 695
490 993
934 29
921 281
373 560
869 418
577 63
460 232
861 416
165 628
942 262
581 120
504 987
120 119
298 529
455 14
216 571
243 517
641 639
603 562
743 729
769 266
472 154
441 244
715 332
692 510
816 924
732 577
349 90
955 5
6 599
876 100
641 73
458 803
272 685
467 724
730 767
698 55
555 756
534 85
879 472
173 789
768 31
656 490
356 387
389 388
176 195
127 860
98 647
368 967
218 698
460 858
793 168
692 232
912 548
445 802
675 623
796 527
252 360
356 512
882 265
908 456
325 970
878 953
564 349
415 232
7 572
544 845
531 436
389 19
729 266
737 525
973 76
33 600
746 560
157 469
844 840
184 122
566 335
939 669
163 211
763 698
391 173
192 566
155 755
478 622
431 974
993 352
18 583
702 716
10 43
401 186
590 533
588 455
983 760
978 175
493 403
32 403
165 129
510 710
369 573
336 929
706 935
466 684
212 571
194 966
355 875
288 214
996 767
171 956
586 988
135 65
499 113
596 248
744 875
807 896
274 929
145 631
50 147
921 291
510 905
369 540
741 569
954 581
189 791
304 442
203 430
380 513
538 179
504 316
26 279
286 455
449 889
966 40
280 640
538 134
652 818
175 875
674 197
346 561
292 630
463 520
955 861
554 201
784 489
827 653
864 867
777 239
321 784
364 316
379 4
102 664
678 219
689 589
284 404
232 529
967 984
287 795
955 174
986 700
888 246
880 103
209 778
243 76
355 962
789 162
638 754
171 374
103 205
516 34
945 401
129 411
128 945
101 902
165 364
116 169
193 643
249 686
