700 1000 1
204 21
532 347
433 246
484 290
70 30
379 612
63 535
378 307
512 592
68 25
1 35
42 599
533 541
4 694
60 114
303 306
280 2
253 137
201 205
455 454
635 562
586 363
666 177
511 310
168 475
637 621
314 363
367 461
664 570
486 288
695 40
162 294
107 478
160 258
381 363
396 247
215 363
206 21
238 562
12 512
158 574
304 131
546 660
589 536
590 678
18 640
458 149
520 375
169 589
604 44
566 121
288 163
673 695
569 630
143 336
689 640
680 281
424 417
72 422
239 63
50 543
338 172
70 332
245 596
320 338
507 205
668 126
93 673
119 408
212 30
482 279
269 594
488 557
192 682
465 640
485 14
64 94
461 364
448 600
175 679
410 161
655 660
676 336
407 527
583 683
389 338
548 127
63 141
79 497
361 644
100 544
75 163
22 419
262 374
213 399
634 70
200 35
684 514
213 684
311 62
555 8
621 475
588 278
318 211
43 82
296 615
55 301
297 158
145 361
363 410
323 318
430 126
624 510
299 99
437 602
385 575
632 262
588 31
641 309
201 388
366 337
689 42
311 612
138 669
396 433
349 33
304 575
671 192
109 297
603 579
543 433
346 462
458 536
550 404
25 376
630 305
301 577
136 282
157 567
324 386
560 134
525 420
228 169
514 538
497 279
586 589
58 638
308 249
287 562
170 320
557 349
237 568
369 111
659 474
193 309
250 572
44 672
474 560
216 214
114 473
75 279
470 506
343 86
244 372
630 421
598 212
679 266
171 43
563 161
35 601
18 1
441 17
624 351
152 19
367 694
532 579
658 605
454 612
371 248
139 97
450 216
2 685
136 555
21 695
205 313
402 273
151 449
309 15
419 73
689 202
333 189
551 130
355 80
690 111
236 328
558 467
128 219
433 30
698 463
588 70
141 664
440 65
192 138
304 235
115 109
495 368
290 224
77 275
222 566
224 218
140 62
38 63
458 387
374 561
102 432
303 692
619 394
180 131
274 246
617 331
626 515
452 547
1 312
474 569
460 465
686 532
477 552
147 326
412 270
560 191
365 688
538 6
594 150
484 639
646 53
617 646
81 601
303 283
481 279
285 209
277 93
176 11
458 138
608 363
81 417
1 384
19 293
369 392
210 495
623 438
253 510
179 651
598 447
685 122
550 668
21 440
199 28
593 536
605 207
510 677
375 27
190 220
445 553
311 190
335 79
57 662
620 504
17 486
457 578
368 58
656 148
671 181
470 135
123 8
106 513
128 622
342 44
556 602
447 296
331 351
337 132
80 430
510 639
212 584
318 611
338 431
438 654
541 578
282 181
21 301
252 240
245 514
522 21
209 339
596 106
268 183
496 524
315 588
549 238
431 264
589 232
186 202
291 239
274 444
330 406
21 640
45 510
596 128
186 486
625 428
551 655
440 368
8 315
645 189
534 266
204 139
659 301
498 553
212 513
674 261
178 570
274 195
451 679
651 69
36 414
232 325
655 564
345 322
334 497
421 374
107 112
198 139
597 342
581 436
153 135
13 637
484 322
664 226
604 633
9 266
21 307
475 545
319 85
695 350
602 414
234 244
355 577
425 83
91 602
695 615
14 286
10 644
543 316
283 601
108 116
209 424
113 320
398 222
529 87
375 540
78 57
531 426
49 516
571 231
655 633
159 139
302 697
459 205
175 492
500 486
283 406
631 407
210 598
523 115
411 134
201 28
302 452
209 362
636 361
160 88
32 606
199 355
136 532
206 367
213 58
132 338
272 428
362 312
194 409
464 73
454 146
433 390
139 167
675 447
589 5
55 255
115 340
362 487
385 311
631 443
632 515
115 41
196 335
561 657
579 435
341 523
70 423
422 691
540 633
9 314
154 1
337 507
91 397
459 593
640 23
486 155
14 530
119 240
55 611
344 599
551 603
375 205
631 623
306 28
690 39
608 68
143 579
35 610
252 394
400 630
417 292
512 338
468 617
225 504
219 491
373 411
424 388
588 47
586 250
484 119
540 172
476 473
294 26
584 223
648 651
89 363
435 699
660 236
684 135
188 581
640 110
564 195
425 378
563 663
514 241
306 79
607 348
123 19
257 8
337 342
31 456
364 589
327 502
268 486
580 663
651 559
391 478
356 391
74 380
374 283
650 21
496 8
498 606
337 148
654 528
185 235
683 240
363 275
280 327
418 660
238 454
445 298
688 401
630 614
622 340
230 539
647 229
637 234
645 683
364 130
452 699
562 116
318 569
397 108
584 321
356 362
284 75
590 568
235 36
564 375
427 541
206 5
192 584
605 4
4 278
639 359
301 135
424 114
65 54
638 637
536 352
350 380
481 586
222 514
521 591
280 203
548 65
125 403
342 160
296 95
633 640
72 474
178 138
78 603
164 466
90 589
443 212
404 508
623 650
412 617
508 333
575 602
399 672
181 406
616 224
479 268
588 297
55 585
130 411
680 616
288 217
640 445
666 667
220 611
489 648
666 375
301 36
212 150
137 526
412 353
514 591
529 695
210 344
549 122
361 218
520 171
26 283
283 693
430 22
684 418
270 426
208 69
567 620
376 22
131 614
657 110
433 320
491 384
254 627
623 249
614 169
39 393
250 548
155 464
539 571
318 91
611 472
409 166
272 522
375 157
70 691
586 584
419 243
61 239
333 7
355 494
412 83
488 20
549 197
670 685
645 385
335 359
571 151
440 423
98 252
403 169
261 532
518 333
329 33
461 55
66 596
577 488
73 95
577 547
67 505
252 298
257 418
187 201
124 337
56 671
613 473
338 263
16 11
609 485
452 76
159 435
134 314
516 135
569 242
284 186
317 568
423 413
71 660
307 562
447 64
598 206
78 415
639 386
490 229
335 446
633 542
96 386
518 498
681 319
583 209
320 637
550 264
371 576
359 274
114 569
640 362
192 19
139 121
113 549
370 268
697 616
272 640
336 357
54 51
6 87
433 165
646 453
13 186
51 75
100 482
631 276
495 638
493 530
643 488
265 178
505 680
617 133
494 515
305 609
276 449
490 56
665 637
395 40
327 81
63 532
43 125
178 517
504 61
557 616
182 306
440 297
645 334
218 252
375 288
476 445
668 222
439 532
530 21
637 456
270 284
404 216
111 575
244 208
173 609
418 226
383 36
599 565
215 221
473 600
369 313
568 383
180 598
128 488
133 488
517 595
542 6
58 17
553 568
342 260
22 409
626 525
303 454
676 115
275 208
164 110
589 545
51 382
608 260
180 394
217 501
151 77
493 319
246 354
259 43
161 346
120 433
308 81
539 196
122 309
192 275
520 565
438 646
142 154
582 459
308 351
615 241
183 539
371 505
566 120
634 24
246 220
15 338
161 98
228 64
520 419
226 322
401 581
114 406
233 207
9 564
341 645
556 608
391 589
278 225
174 407
64 261
62 690
481 106
46 361
566 445
63 7
575 289
569 457
195 513
433 407
500 131
569 248
66 584
423 486
530 514
167 328
294 112
439 310
258 628
273 94
437 416
522 29
465 524
327 131
442 514
443 379
172 31
244 461
161 644
160 301
206 589
332 204
358 655
450 395
96 161
496 570
470 122
103 90
274 534
101 622
442 208
23 262
121 45
4 471
361 513
13 520
183 125
525 457
480 372
271 593
482 645
652 428
128 326
156 178
384 299
635 42
552 252
107 396
395 473
368 683
314 629
577 651
281 76
411 335
587 321
333 215
183 490
254 228
386 677
122 636
569 147
594 611
281 237
204 312
93 112
535 217
676 618
560 280
198 353
337 184
406 628
420 30
592 687
43 76
206 420
160 330
519 598
164 299
236 67
135 150
694 400
688 536
572 266
52 487
640 478
88 648
289 301
692 86
447 533
160 538
577 647
649 142
478 70
478 285
245 162
639 521
19 109
509 614
663 13
631 186
523 333
189 1
589 617
303 438
54 321
528 4
226 410
463 51
675 270
155 664
146 63
273 488
190 471
621 226
696 272
605 360
191 252
607 150
256 297
144 51
569 21
22 493
177 3
604 595
426 655
31 206
499 486
428 577
459 346
434 222
163 34
676 172
57 483
514 361
676 653
364 372
140 101
560 262
32 444
226 613
656 700
505 630
620 482
605 598
282 257
469 300
214 651
331 379
433 105
229 315
639 138
650 267
8 623
421 74
623 651
526 362
320 206
452 579
189 377
122 367
183 474
251 121
680 498
217 493
651 386
139 582
372 385
227 278
104 65
272 554
570 452
263 269
84 150
294 140
43 676
60 470
355 579
195 433
67 547
374 129
32 461
201 573
547 117
355 201
80 92
596 429
676 118
560 603
59 362
630 33
70 622
469 411
28 590
501 74
188 336
19 161
138 684
625 202
295 365
331 424
577 87
172 661
537 96
696 362
512 175
142 353
37 459
403 663
247 133
82 467
49 22
402 11
418 320
619 102
327 535
614 344
396 613
20 375
5 321
48 595
498 503
503 483
157 529
407 302
405 5
379 460
58 37
662 440
108 516
679 33
5 122
273 73
474 102
593 642
413 22
674 355
558 651
158 176
1 559
76 602
356 679
