28 378 1
2 6
22 3
15 10
16 9
6 22
15 27
14 19
23 12
12 14
19 26
8 10
12 28
24 10
8 17
20 6
9 5
8 1
22 17
4 10
1 17
10 9
7 12
13 20
24 9
8 5
15 26
11 2
8 13
28 19
17 23
28 24
19 2
13 23
7 16
16 1
3 1
2 26
11 4
7 5
3 7
12 18
10 18
3 20
9 17
10 6
21 5
19 20
14 16
11 20
23 1
13 27
6 19
11 26
21 27
28 16
5 15
15 17
10 26
20 10
21 12
2 18
25 8
16 4
21 2
4 17
17 2
3 16
19 7
7 18
17 18
14 7
3 24
13 2
11 10
2 5
20 21
1 9
1 12
18 14
27 9
14 11
6 11
17 14
1 25
14 25
7 13
7 24
24 4
12 11
15 7
3 18
8 2
27 7
28 10
17 12
17 7
3 14
3 4
2 16
21 6
24 23
19 3
9 19
9 21
16 25
18 21
28 9
12 25
20 22
3 2
19 22
25 10
28 26
4 25
28 22
16 13
11 22
13 1
16 6
13 25
27 16
22 7
25 28
21 1
15 21
4 21
8 26
25 3
11 21
25 27
13 10
14 1
12 19
28 13
6 1
20 9
18 9
12 5
4 1
10 5
20 28
3 12
1 28
24 27
7 1
3 10
25 2
27 28
4 8
1 20
6 17
6 26
3 9
8 11
8 19
23 3
26 13
24 1
5 6
9 2
21 3
28 21
23 16
8 6
19 5
28 17
9 12
14 28
23 19
24 22
14 6
2 12
15 6
19 13
27 14
18 15
27 17
27 4
19 17
19 11
14 10
5 11
8 24
16 10
2 4
23 15
18 20
4 6
13 18
23 28
24 25
13 12
19 1
2 15
21 19
24 11
26 22
9 8
14 13
1 27
18 23
15 13
11 25
12 6
24 26
23 10
25 7
23 4
9 4
8 15
11 15
20 15
14 22
8 23
16 24
2 22
1 22
24 12
22 13
8 7
28 8
8 12
22 23
5 3
3 28
21 23
10 17
4 22
22 25
4 14
19 4
26 7
13 4
19 10
8 21
18 19
18 27
14 9
15 14
9 13
11 1
5 18
23 5
5 25
3 27
26 18
16 20
27 6
10 21
18 16
19 16
11 27
3 17
1 26
13 6
24 17
26 14
8 14
23 7
4 28
9 26
15 4
21 25
6 25
11 17
23 9
10 27
8 3
20 12
27 26
5 16
11 7
7 2
10 1
11 18
23 25
16 26
27 20
28 15
15 25
15 16
18 6
21 24
14 2
2 1
1 18
2 23
16 21
17 13
6 3
7 28
3 15
14 21
22 12
17 5
12 4
20 7
15 9
12 16
26 21
18 24
20 8
18 8
24 2
4 26
15 22
6 9
20 23
23 6
9 11
6 7
19 27
16 22
2 27
11 16
20 14
17 16
11 3
22 21
20 2
18 4
25 20
20 17
20 5
26 3
13 11
22 8
12 26
4 20
2 10
5 24
17 21
26 25
13 5
20 26
26 23
13 24
27 5
5 14
11 28
25 9
23 11
22 10
27 8
28 5
15 24
26 5
7 9
22 18
22 9
14 23
18 25
4 5
3 13
24 19
20 24
10 12
6 24
15 1
1 5
16 8
5 22
19 25
15 12
10 7
27 12
21 13
4 7
27 23
2 28
14 24
17 26
18 28
25 17
6 28
7 21
19 15
27 22
17 4
