300 1000 1
123 224
5 34
129 220
281 278
139 115
270 10
197 230
274 43
203 271
250 229
246 72
56 218
201 86
245 272
288 172
274 222
273 172
262 149
205 238
48 215
44 268
270 105
48 235
128 284
151 205
148 196
19 277
42 10
118 215
230 9
275 282
113 159
69 288
61 183
207 180
22 274
145 7
289 41
33 157
19 206
197 205
28 194
33 268
261 294
254 55
247 2
248 107
136 55
118 67
262 144
291 40
176 210
169 68
154 74
118 70
1 150
257 192
47 142
300 225
229 54
62 208
10 152
122 241
268 99
251 298
144 193
170 182
130 165
263 295
225 7
294 176
169 8
41 89
193 266
273 136
91 170
207 80
169 268
186 60
287 39
107 128
144 83
177 166
78 128
185 176
21 98
119 79
60 33
104 4
12 69
165 284
146 28
79 50
4 185
77 294
103 52
58 64
261 199
281 11
104 126
45 253
259 157
208 215
182 86
32 233
300 3
242 49
158 18
233 146
219 156
200 207
297 34
3 155
186 58
104 75
189 230
235 155
5 120
54 106
187 47
124 200
19 137
209 37
263 105
167 89
300 84
71 53
135 88
109 77
148 146
109 4
255 34
200 110
144 293
224 156
113 249
232 150
137 109
287 20
228 85
255 156
124 100
115 99
181 178
187 123
278 9
20 282
274 102
56 210
254 33
186 35
20 267
103 191
61 281
63 86
2 280
57 232
109 32
141 148
140 172
184 196
131 89
110 212
72 189
12 95
241 130
173 78
40 25
296 94
10 72
20 200
201 123
156 157
187 102
101 144
246 70
172 89
188 48
73 1
129 273
1 271
179 75
291 258
95 262
225 23
231 3
120 16
85 206
105 95
150 168
289 288
198 158
18 218
283 176
174 54
277 193
136 186
8 126
138 250
177 119
296 251
236 298
34 147
12 299
262 41
58 283
186 206
39 79
244 181
48 179
115 172
2 83
131 3
209 44
152 179
296 191
27 166
229 110
173 185
254 73
108 212
11 67
88 29
196 164
35 106
125 139
296 169
133 92
124 128
17 35
300 60
61 21
112 8
285 108
193 30
94 203
297 251
117 251
267 220
149 53
3 288
78 254
166 281
13 275
85 234
248 129
94 47
125 247
76 189
224 59
249 147
234 218
144 57
138 182
219 163
115 170
196 82
234 293
177 72
173 210
122 289
193 130
230 167
184 251
118 277
10 222
202 13
34 294
60 61
157 170
290 6
268 265
15 91
83 205
8 278
251 112
153 174
177 211
194 108
39 192
109 48
271 253
170 39
265 146
162 184
217 215
29 45
33 6
16 143
283 39
243 241
243 149
133 49
137 273
215 96
164 92
79 14
120 181
254 1
117 172
100 297
221 189
243 254
139 267
43 34
223 141
186 116
61 153
102 15
60 166
152 219
40 198
112 180
76 54
106 100
183 283
190 18
258 8
207 115
190 281
140 278
277 63
233 4
276 100
110 118
270 27
121 126
117 284
233 294
21 202
150 197
130 11
45 250
24 147
109 295
14 265
65 133
270 99
156 226
31 240
215 115
111 268
247 86
230 150
36 162
64 123
225 282
32 38
66 56
39 65
241 30
280 167
85 25
50 277
227 269
22 103
152 133
226 192
162 189
74 201
140 210
46 279
119 131
283 203
262 24
194 71
129 205
243 123
186 41
2 291
31 76
4 238
201 111
28 212
126 39
101 276
26 71
187 152
221 274
23 54
146 33
33 279
68 284
50 95
117 112
60 82
221 48
217 7
240 93
256 52
179 254
63 245
26 134
293 71
156 50
13 231
107 175
242 106
262 180
88 278
94 195
55 79
126 261
227 185
92 29
28 47
25 233
90 219
150 48
241 27
207 43
25 181
277 122
199 4
142 80
240 220
222 28
278 169
125 170
114 88
56 79
67 66
218 273
254 48
202 123
228 100
36 77
272 52
39 14
276 216
90 118
265 263
271 144
248 257
158 151
141 56
159 61
76 159
208 231
256 199
299 229
260 133
260 234
71 154
255 35
101 25
5 219
259 230
45 94
69 200
92 10
178 73
194 230
152 190
184 143
205 174
162 265
97 115
221 288
17 116
137 72
248 81
126 264
31 58
287 103
300 67
281 295
133 234
19 107
201 171
166 170
111 4
112 34
202 158
187 173
7 45
48 133
189 54
106 55
110 146
231 157
83 49
147 67
122 190
256 33
21 53
14 63
80 143
199 32
257 245
245 80
281 216
154 207
146 24
276 48
36 294
140 274
182 187
267 60
137 167
198 162
169 219
1 136
207 120
101 34
196 23
68 196
244 289
109 20
155 196
226 116
230 4
209 81
192 125
197 238
150 156
100 19
61 185
107 18
297 265
224 58
58 9
247 151
222 232
45 93
57 141
190 114
2 56
71 45
227 253
58 282
53 63
81 38
216 132
61 143
163 215
121 51
269 101
258 171
104 281
69 20
54 227
43 170
31 2
180 194
142 287
133 129
101 80
25 247
258 157
240 241
202 291
115 244
18 79
180 101
92 138
197 33
92 19
106 173
146 132
271 297
275 195
285 118
235 220
110 62
146 77
135 256
120 54
185 193
230 268
93 286
207 294
11 21
119 230
16 227
295 234
133 244
97 256
215 49
74 298
129 252
202 218
255 281
160 150
87 195
201 287
160 272
29 200
176 123
201 115
247 11
83 171
35 267
276 125
34 290
136 292
164 64
194 43
52 268
117 4
247 285
135 207
5 126
265 31
57 165
25 136
49 73
140 103
41 78
63 227
185 117
173 160
44 137
131 120
208 68
58 242
55 286
188 39
146 48
43 53
16 64
145 216
204 245
287 271
230 113
79 151
203 282
99 233
8 265
30 41
65 135
45 77
220 182
206 28
37 240
16 96
60 119
111 28
228 30
124 223
157 91
285 291
258 200
256 122
290 245
180 70
299 14
119 14
79 31
282 220
64 295
224 35
293 2
165 51
154 58
58 190
165 16
209 220
74 100
111 137
185 97
121 28
133 279
248 182
101 149
188 158
163 269
122 267
249 237
153 28
168 180
242 281
186 197
144 100
219 162
169 76
118 295
239 110
33 145
13 46
252 151
299 96
77 299
259 115
12 216
133 176
109 205
51 203
20 88
127 217
55 22
217 168
77 92
193 175
213 184
216 49
274 170
219 92
36 90
6 279
215 252
158 197
22 49
269 237
149 78
113 236
262 209
197 119
205 266
89 243
62 223
105 85
117 142
14 83
234 76
35 166
191 286
263 91
290 68
74 75
21 83
291 69
239 261
101 18
219 166
243 218
177 11
250 28
97 174
259 226
128 18
244 274
76 61
85 20
223 264
121 271
300 79
131 282
43 224
178 288
14 226
166 158
142 84
89 92
155 290
15 251
123 51
289 227
280 101
166 210
221 163
61 297
132 55
299 4
45 36
154 66
298 166
70 218
42 44
84 298
172 55
276 283
51 85
294 105
54 42
231 243
26 79
35 3
119 188
267 279
37 50
290 112
157 87
214 108
68 261
34 42
274 63
187 71
151 7
253 7
135 185
91 88
67 109
168 38
109 38
76 81
243 20
10 194
58 84
142 205
149 176
285 237
86 71
251 167
274 124
275 150
67 205
56 228
7 149
36 8
162 115
78 164
127 199
31 93
259 238
133 77
156 94
28 139
127 264
203 37
10 28
195 115
284 243
35 101
266 235
267 39
259 159
167 208
24 22
19 285
211 286
52 287
153 123
123 197
42 184
265 150
192 155
135 220
161 121
280 266
40 104
141 46
129 242
59 1
170 146
260 172
296 5
176 69
113 83
93 299
37 280
63 208
198 167
165 173
260 28
26 279
185 275
62 284
100 232
66 97
246 229
84 7
189 199
3 83
243 69
145 10
253 76
126 151
143 201
159 107
178 74
197 193
93 71
105 135
235 208
65 50
299 22
234 96
240 204
28 217
248 239
260 30
281 277
3 53
109 72
292 50
282 24
56 32
10 37
281 226
19 2
21 175
111 59
217 149
149 119
150 243
178 26
26 99
69 49
66 33
276 44
161 170
145 147
195 15
150 98
141 96
17 185
134 95
24 1
194 250
112 206
73 233
127 175
199 186
20 76
270 196
162 266
201 295
69 152
11 167
274 13
246 205
139 133
148 65
223 108
180 10
268 54
51 137
20 72
24 2
162 204
283 275
13 5
127 156
70 61
101 32
272 146
178 280
41 29
211 101
105 252
231 114
190 171
255 115
91 261
71 63
225 210
233 277
277 291
167 39
146 123
178 110
60 162
136 226
4 108
29 54
115 163
47 269
77 165
236 116
4 26
108 29
213 108
263 150
25 92
66 215
63 234
120 141
30 4
17 1
290 90
201 284
103 176
223 267
197 198
57 36
148 181
37 161
3 149
208 198
59 242
246 4
51 299
206 181
146 27
96 107
67 217
244 63
268 21
45 267
57 286
32 124
102 36
231 97
99 140
199 213
98 83
107 35
40 42
167 52
181 204
151 51
147 279
215 75
183 295
286 108
293 236
74 167
146 215
68 145
290 94
