20 30 100
19 20
16 3
17 1
16 18
18 3
12 8
12 19
2 16
1 7
11 19
11 9
2 19
2 14
6 11
3 15
19 1
12 14
19 7
8 19
18 15
6 4
5 10
1 5
4 9
2 4
17 11
13 4
17 2
14 1
15 13
1 12
14 1
20 18
17 15
6 16
14 1
2 13
9 11
10 12
15 10
18 15
4 16
11 10
15 15
12 14
6 3
3 13
2 11
18 15
10 18
18 15
7 4
6 11
2 7
17 15
1 8
3 6
8 16
10 5
11 14
16 2
6 8
10 19
5 7
16 7
2 14
17 5
15 20
19 3
9 8
16 7
12 10
5 10
15 11
4 7
20 17
4 20
10 17
3 13
12 14
19 10
14 13
4 8
2 20
7 2
20 10
11 14
4 12
14 8
6 10
6 18
9 5
1 9
13 10
15 15
16 4
8 13
20 9
20 12
5 1
3 6
12 5
8 5
4 15
16 1
18 9
5 13
13 18
7 5
11 5
9 1
6 6
6 16
19 17
10 5
3 4
8 4
8 14
20 15
15 12
12 7
19 5
2 17
13 11
15 9
1 16
1 15
11 18
15 19
3 9
