4 500
1164805207
678519199
773582497
1453521541
2891174851
3744979789
4036588779
1658841517
1085738959
1669119371
51587412
1572400789
2491152388
4186344085
315804738
221791119
411547789
3061679099
3412699853
1169528042
2191698143
1737486586
2024605495
719458798
1108624849
422313179
1688034772
3858342817
3113998309
2128604608
2230469939
1159067753
419925875
1402469718
1671834666
4277757964
4181136727
4177416806
1956694189
3409861023
3820088089
2203682153
701025631
4272035897
2443350040
1027299742
130122877
2199542829
2943294271
2676595937
761518913
195297121
1613827185
1810394303
581132837
2221927922
2904901271
597552506
3525063199
2618007632
1271472956
1718353518
3773429852
4090464479
1703471551
1344189617
66823034
2121299617
794582932
2812770157
3296501521
984445478
2785347928
1640829387
553916599
747699473
1987743769
3291707579
2743831654
3602098417
4289637460
3156145507
4038828973
1469971627
2986504933
4159075171
233491777
1825748320
4272096281
3232167941
2995987997
2439121365
135072001
2988452417
3652364811
2308962825
3703811778
289330829
3272274434
2870616173
2696178301
4217654249
2340276131
221113723
4094388269
1274417354
23772139
1968525965
959715837
2963048939
2046980663
2707387617
1876628937
3632987647
736385496
471894983
2918396861
1216506037
3161289778
3910226982
4270531183
964933429
51548633
2560726087
319702511
2234956499
1369811263
79315811
3855586447
2829413295
2027467111
1886353067
49349063
662759522
134013389
123400657
4111365214
2955933703
4067268493
736215937
2934090403
343327031
2425819943
3809877173
2750483980
2030657602
1960425043
2651751002
3406652891
2831056442
1475127547
3596263637
1134467497
3526374416
2582037758
1459593772
3821911471
1089261864
2386245408
582399914
4122034549
430414409
2683814887
3219201091
3850273303
3052535185
1520938215
1192640971
1452042211
2380936483
1302083353
2964339897
3021613650
2784738529
743181809
235200181
2046717095
1028219719
1534979975
3870826730
2985500041
136437281
3414993341
440328607
3592253908
4206584713
2198243189
1816443878
575233753
2634111763
3885653486
1790420805
1268764711
3247507978
2050147843
2207537443
3440614817
282695700
2746675128
2867636423
2872056133
2624706289
2281347388
1085305519
2208315803
892061710
2491145723
1896761641
4177745076
1481943883
4156103977
2577157628
1402080113
97385176
2065028352
3790459007
2157265613
2091647645
3012172649
859853549
1637315233
3936018899
2635845337
3313825263
1955992428
3627187409
2604378447
3624433599
1033459484
1879996457
567736196
3175481773
1500858232
4246956781
350557439
420138351
512643379
4079656668
2216139857
4020435803
3515008000
1085022796
650316653
2165832601
2924719707
1211492327
1569078450
3351348415
158728096
2818687979
91768369
1721822012
156811313
4188030408
1508922385
154809307
2433871959
441977608
2611949685
2265399439
3752248067
3868294961
3483232881
1544571652
263169414
1482757693
2022444114
235184837
2971123789
2738240231
2672735295
1795341299
799921400
1650331344
1655045377
3202507157
3748352145
851304447
4205862387
3939167503
131694929
2774014715
212216539
2244820002
1431436011
1393247351
2578372095
120308731
1053639679
2757792469
3277217043
1015034903
3178069933
2350759316
1786134913
2626070173
2534050147
116578658
68297502
2358369397
1115622551
2757857339
3192926387
3509161373
1063657220
574203498
22190698
491608894
869275367
2847512909
50096147
2290535617
3922060983
3862885076
544157261
787664071
3567810392
1476830153
3035434744
3007611883
1118798063
2245748217
3063536627
3880556858
2899434072
76664900
1907470979
886841351
397519647
1957832045
2643441839
2269300921
707312160
3707356507
1711921229
3972928256
2662443819
3347913068
2903776577
3382763323
90397157
269141133
1736217342
1003600901
1336716158
375466953
751546093
4204608975
1588704899
2065842790
1833829642
230104087
2694792571
2918132759
2404390510
1999370797
183358040
378053556
307176679
3208037741
741892721
527025997
161081531
2490936491
100878710
900918158
4011596336
4045547872
1069954363
4147316659
3660322298
3552179804
3063581501
2906496069
1818528457
1830066181
2190762499
3806066943
3911331997
968132717
730577681
4226742720
180903144
1977851789
1150606979
1837821179
47691649
3718554064
1075232707
2931444298
302498551
2312196831
2713473149
2890563653
1579175949
3278798662
213562328
1215895973
4138492537
549496973
215154945
2524028159
2482893773
2388828329
3607549313
2667072595
1510235429
2303283193
2667892045
3684747621
2229534113
1258767443
1670343463
598865581
995715779
3554856089
1238756074
2530532911
368403383
3094034501
3143922323
1343464033
503132951
2590534637
1889073285
3248428071
2026870823
3079086761
494750009
1232113761
2031736454
3150038854
605864628
2016257483
3963388086
984068729
4180687701
3399105883
2177085032
1225845843
1929080643
148430083
3117637460
63117387
1450921229
2446864046
3940653644
89928731
2419934681
2797553399
3446852521
2166757261
1459711349
2003184386
2952864121
3932923058
600119642
1524451637
793280869
2563582807
2413921505
826157561
3570373235
1845456461
3683182999
2499245878
2296210993
2678868296
596611979
2926722347
217542208
913005333
3859401719
97649560
3316272347
1401273197
987484959
3301107059
981477392
4029652603
3433123459
3488382153
1428992245
203814073
1132984631
3291115628
2926638103
2021865919
1517922487
1729548301
412908557
990254117
3405555190
3829125689
596888058
4068122933
1162191739
2495793941
1507802449
1855763647
