4 500
41196
168331
931244
165671
481922
571021
518905
61
748402
630053
963816
178344
664145
190790
778925
539296
766790
815524
71908
735935
44028
382803
872031
514674
675107
946403
741988
275594
471693
655057
5064
523239
931444
762368
912522
596122
419327
456697
629774
198710
717682
983502
198538
371060
87926
663714
578189
702890
55660
46513
505773
653618
901682
716332
920746
473176
238743
162005
946275
958418
262941
617264
773034
991354
37314
518460
79234
13292
67
604943
381878
719304
621146
565727
426755
509964
97
74086
162704
679211
1105
69952
726060
657082
851902
109825
239889
338097
893670
187743
825482
159909
859600
226161
645782
848204
145479
274370
564616
719665
750766
697449
151204
460308
841247
288076
961775
443007
309087
215214
275097
88277
300254
744161
314119
648280
73144
559012
658081
846467
600307
461868
897447
135179
224729
342998
938795
506782
383080
832968
975599
780876
92064
661079
523206
510974
651283
315178
141354
719304
407986
686476
29692
103291
8257
880023
573675
538141
418337
559972
484026
780194
600773
6480
293446
617601
123384
967523
936107
6
602052
70590
606544
516606
371814
929847
769066
732115
49018
171594
592722
973146
787030
663025
295637
958262
924086
972676
654227
28515
676054
346648
51297
617759
403286
721919
73
227006
727561
751035
619491
312639
413270
262834
712920
913817
124360
690216
853592
27841
83
599337
966557
449921
452235
295171
43
440336
898988
97214
353885
144788
30447
231671
37
738688
105197
53
502811
802256
17
565816
669372
645155
819858
12320
696841
48796
447588
8
216907
41
823314
700069
955946
444770
386724
410188
921199
197022
966022
49
188248
924114
202022
661744
239542
541085
212330
755504
103434
362113
440875
993698
28551
100268
773397
176893
99660
173853
41041
485128
18750
991688
580082
362692
490297
284515
652575
270991
186050
453159
877105
613795
510090
872239
741552
86304
161397
585070
158415
767490
4
312295
75467
877314
31
676262
799962
881517
640311
266782
3
196882
44546
808679
759440
517321
246095
673781
737195
441313
11622
929574
869979
422230
45822
281390
273416
316029
812150
587189
127918
604169
250655
98881
803114
761904
463052
587286
808644
808820
960231
453920
983580
507620
970300
176676
800318
921289
362370
872711
514365
62597
752388
477762
437458
338200
633398
351997
942612
939456
549824
53003
747746
334709
82139
600282
971294
491786
79
309642
945870
766663
441929
1
317133
106099
162526
804795
458201
149072
520971
794808
9355
440088
115016
722538
117709
303680
964010
165181
361729
398402
681173
255028
121323
888427
344294
13
24745
759870
548909
372817
405907
428099
213650
690109
334811
425813
756559
19
679964
11
54666
244035
706197
993245
694621
475409
403191
53340
296104
754926
73377
995912
203824
733040
614461
199325
29
2
370411
130926
640222
19439
230446
444889
487057
921891
69711
696431
120100
718368
566042
351137
606101
902423
7
179554
837161
559164
559203
109674
402270
862281
432154
23
657567
624486
588612
734381
983804
672968
500196
806532
513503
993277
664854
660726
141603
999772
476190
794752
33616
344688
629700
470368
163875
114650
557281
470833
549452
487480
25639
250861
47
989196
442980
192371
89
26761
46074
537183
59606
885613
409168
659891
561
32783
59
435125
221414
29341
494267
409422
982384
71
237638
249927
210359
226618
41135
5
945944
478021
187885
357414
671515
690715
