4 500
970786
752185
403652
725568
404780
652144
37
455717
977057
76360
413668
356838
119906
13
351289
178865
811953
436315
229537
128846
126560
780197
510425
392503
73
185258
405901
8
4289857009
47
62797
981514
11
513332
141028
796438
199981
166238
350988
736939
424391
588348
41
217903
966404
260158
573945
782696
719392
2
723791
557148
259859
197101
848706
23
430367
595592
319465
669381
698771
359665
463120
757360
670901
756462
300398
808671
128174
651537
24504
862699
38736
636184
621413
516098
380368
414428
829427
907637
982213
351506
855505
19
179515
840193
54783
238548
861998
29
689002
291892
873572
712398
161995
286459
475211
631778
634019
343110
329351
362330
154780
4287499441
784469
15021
490200
300911
12090
53978
237389
951601
764562
29341
76866
729947
589869
180852
572744
456509
167681
754169
803245
143591
865186
477081
39507
257102
23083
763991
127997
679326
384543
4283571601
148905
778375
303181
108671
240628
780982
248324
678682
994127
421307
274073
294401
728826
288397
83
629073
212211
814619
775922
814565
233317
130696
167825
4283309809
629259
809340
354030
700831
838118
613890
841820
159647
791892
733740
242540
45130
456876
753813
671372
6
185503
370751
298606
53821
741380
44232
945461
655976
5
433459
789717
59
269397
575364
183669
798124
246976
950019
412549
348847
858859
783953
420942
23225
514336
351249
8444
714753
706166
415973
96248
976864
73731
67
417824
912031
323681
887869
425293
729728
544865
888256
466584
985483
76810
255677
193667
18413
282719
932982
398448
267967
750624
934615
80575
777604
781524
396335
217957
659470
153583
766498
557134
7
800606
639851
885103
407102
898950
602266
64598
82731
49
212398
394459
318206
675545
320628
46050
842867
220271
286612
221596
755349
261231
704651
300829
682037
97
925375
353696
937487
359184
409288
190796
334032
227543
58049
741109
324875
445808
17
301994
195034
750469
468554
924067
666181
3215031751
61
745808
299053
145851
799902
690441
71454
494499
1
630098
291097
39305
584244
153421
210138
1105
379660
466366
972035
655469
924069
782869
237237
4293001441
653644
177858
67666
79
979313
72517
207523
507368
317950
207250
857813
747424
22908
614607
385253
754903
932306
274301
255922
501684
25326001
163562
277458
643332
959080
983466
419441
674926
390777
43
573564
734090
538770
630297
211462
169247
647928
281582
2930
269110
275797
368999
28300
438510
227767
557943
742638
362153
634907
434300
718832
495953
25714
192300
125779
854098
468012
441950
287489
352366
403023
783807
138178
4292739361
327980
763289
39817
181956
966687
694093
150696
324511
573487
626155
450099
914495
154024
632103
842840
573048
435516
89
466354
246260
149115
407022
5170
365517
961070
835261
824695
774234
624137
279012
179902
483843
968798
936927
772718
385571
271613
609672
671909
904277
515340
610316
567297
116988
755431
418879
667879
95190
151860
973608
97504
186966
641113
416490
875270
345295
41041
370012
561
418718
356090
444937
625314
448323
395948
788323
724802
229877
380059
5611
88430
836726
623429
934274
714222
506151
42632
542488
560217
922103
824850
46352
606261
525395
86409
135768
655315
31
53
807304
245847
314658
596883
815950
888301
941413
746302
424610
760477
214947
869889
3
194560
223112
565438
71
303087
184284
333402
595967
314538
164709
26885
4
71123
250018
424487
578167
719447
18066
121448
780191
698209
700154
902247
91428
20541
554702
736913
