4 500
994825
12504
514177
825491
488701
197299
104006
484302
62365
892783
978619
471614
269891
212437
544021
137536
776483
248751
59693
810653
211297
785664
593479
145879
169425
231859
481633
967500
391337
101749
377491
471610
608028
222512
570621
163927
230449
572538
770326
863153
298681
258900
726705
164587
751533
328847
400124
14821
537079
233308
563183
866008
940403
745301
991889
612043
847883
101844
442726
528991
267131
125107
401046
336951
450797
171179
153743
931255
479777
486821
477553
68260
377069
48180
569900
715458
546921
401467
22112
130121
71741
515563
785423
59453
277691
389238
990389
44220
803863
610402
995747
507691
706723
140627
310789
16487
538330
629319
859709
381957
455827
943469
578334
735224
5067
798509
34520
403433
383099
82729
782945
564451
685002
994871
63199
418096
761742
632080
484480
477991
856411
153131
656723
95089
24896
46337
262897
189253
367853
237498
823723
308973
108821
46381
636420
858311
58512
531727
450513
563260
950507
431949
788363
74635
394979
741413
365461
875240
281070
330282
25200
770877
667817
815658
172690
624983
674157
400903
92669
893881
831679
305751
449695
945818
443360
171043
440039
671947
427751
302371
454516
630733
43336
436654
797967
117241
888373
195234
879103
178890
962041
395125
414031
372773
191178
798067
836127
834811
480461
70923
732101
173309
50978
937439
936469
231871
524440
333341
978821
381890
333647
400798
640579
247939
606037
37251
80051
434589
382919
813519
722467
975015
897380
839818
431869
424506
10606
629711
546509
759757
422099
265221
953049
988453
16619
244313
514247
544009
709023
424573
499962
757303
620028
70708
166029
924269
7069
152731
826211
26209
161641
131447
909043
588212
15484
302842
125471
320365
910121
405487
890415
334561
577721
950760
421049
785129
147617
190540
554295
583977
543027
326971
520872
617282
286553
982841
235118
686891
431923
539077
765423
655723
345769
670613
166436
400679
339211
664789
13341
1406
90407
360497
122033
210761
73669
312888
65695
888187
207901
924246
228286
679691
446183
221413
515887
123731
760913
141931
233713
810233
875208
938953
104107
218113
236196
730157
381527
351529
191669
98121
120595
861013
23677
174569
31327
881180
672223
303959
221336
14753
570734
897751
17122
282973
642845
529332
320317
469649
161641
331496
220793
21723
200363
430897
786293
901997
45232
171815
273224
487416
377004
451481
125513
726869
151049
559211
444106
291215
843041
858259
386889
29789
417931
744251
378079
305792
293145
593463
880946
106429
635387
608571
232004
638112
426007
944789
872749
985519
337999
937956
265571
923137
949447
110281
762218
576604
505355
303727
450823
201405
834007
966631
364626
332411
829239
19513
950787
336643
806767
630515
334637
628139
22299
537366
837973
113915
496789
495526
709818
990168
109325
182167
991800
952829
221707
979085
505646
124363
544974
5269
329533
762946
229075
697811
76949
493147
609437
891600
208978
918356
912487
105563
750668
916417
840913
258401
370269
808217
365583
238229
182243
248323
966066
95849
81173
485101
25428
306337
825733
892831
285977
38554
268969
102539
342797
926020
991873
671131
92907
236303
760463
958501
611914
256853
738109
454151
66889
574051
83339
515883
666773
313281
254659
35211
148573
672023
545946
992363
698250
342869
289009
811112
396319
365658
174728
988157
511787
852036
802788
584519
521243
36847
465271
27967
709043
63579
504187
965863
711767
390324
519097
673157
68963
420799
642597
493541
607581
850691
38826
569117
