1000
87086067 3598709 87800408 4461488
100515304 77882680 106620892 83617936
18501761 4 23139355 6311619
618332932 46330860 619648334 52390942
286752221 11261888 293646095 11789543
624656949 43063897 628577621 45184366
896384 46150553 5407986 48105490
440128036 8657421 447970921 13515153
941593099 36301290 946405530 36736340
707439426 39180739 710621458 47948648
559740018 43562796 560999331 44132590
732975704 16568411 733060290 24646874
94117274 18185469 97572291 19402844
37990513 35648763 42486097 42839026
752778830 15801101 760908753 21529568
587353559 31668459 593944673 34723979
764649867 3645601 770147433 13122556
368098372 63060920 376613448 67434847
492842901 49925075 499698244 52168121
583071147 58602105 583622796 61843583
409137989 4062021 414697800 12076329
678507839 1 680950937 7675125
0 0 1000000000 1000000000
429840296 23481477 439363676 26667102
820939464 36614109 826431290 41131892
782958932 38637027 789276191 39843523
498063326 9488754 501935697 13807634
521054869 38356334 525858977 46782373
91400020 84521826 101288351 92587640
254850894 17476463 260907765 21726632
665898389 3 668071472 5826691
304803971 0 306737047 1927103
639475766 60263314 642981114 66725296
232394333 5056825 237838246 13177800
911008836 52242851 918062114 54356795
454382280 7524032 458870114 11813543
224697461 28038066 233314179 33410350
746566958 19053347 751593094 27959930
47614021 95127775 49220782 101611457
228460817 40562052 229901507 41559277
778509501 26808952 786781702 33395705
670108787 13032838 678854735 19765475
770337833 1 780191109 5253035
193565720 40496807 196299053 49997651
782752166 4 791486801 935160
198613013 49499248 207781642 57629007
309525554 41587703 315745627 47460372
493168292 25527875 498056330 31219597
321031675 53247942 322663585 53882836
413115951 12076331 416858526 15836602
358308108 77855679 364587399 87432066
508119984 32543357 515623630 35632849
352470592 30431692 358879942 35897221
86078014 3598710 86898188 5283027
430423592 43292792 437296938 51453995
665353307 5826691 665901408 15496210
63776540 56562305 67894338 57040984
309417190 17744639 311703824 17783267
966222347 36976726 970020473 44915150
511009065 16483683 516643534 23974002
401030060 25698117 402410727 25738592
80574544 10985325 85499416 15771454
904948440 18471112 909352303 18662038
168117990 24044699 173046893 30635014
682968934 27008373 686623918 34852675
244854702 19204494 248985116 20307765
178765682 3 182689763 1087080
472151528 66491158 477215519 67618788
272740444 68170525 281329768 70361366
702387936 9949927 706344497 10803497
599660173 8328970 608421603 10813632
346303458 54347173 351303850 59016954
716301003 9868736 718640098 11776221
438005076 32557858 446773826 38809953
241466918 43006600 246134354 52858453
68917473 4 77843472 906865
619359609 43413957 621052067 46330859
305755004 1927106 307509711 5202948
5981139 3 6095234 5969016
593081252 49456348 593970866 56783778
848396919 40972313 848399292 48874399
794665436 75053021 796564127 78834933
592019432 41286726 597409601 49456346
671310933 20307192 675195633 20412825
471226759 71338269 473221858 76513102
108259808 88212002 111306982 96557571
909838468 3 912089803 9862493
804703141 12931905 807416199 22393207
737943246 9839953 745529860 11379924
978153303 62199923 985271351 68028435
823656970 3 833010750 3682832
703476253 2 704559807 9949927
637693153 2 642040998 2849972
795437556 1992255 798794576 6823829
389751241 55100946 396768798 61390428
140892811 43208563 145890687 52337819
502326966 9597034 506059420 19214873
221366415 71321920 230126656 77268598
440293804 22463370 443338020 26200549
766603710 13122557 771450855 18193311
498739194 52168122 505782950 61956648
857503182 33069018 865072195 34502597
343531176 51367189 345591372 51424987
757814593 32632493 759542602 40584993
645418345 5070295 651696908 9621615
867751521 4 870983335 6919894
16445685 40785665 18701340 43509782
21570308 20410302 30517595 28758491
133695359 52578437 140383787 56330434
966251861 21093724 973940178 24021036
603844274 20554457 610447095 21407965
899756024 41446296 908831076 49946928
263209060 39879748 263284284 42915475
614222560 8394492 623993704 18089981
147058143 43208562 152731938 50766331
869037373 19164760 876607233 26576477
223080247 13972528 227756032 16535455
907374272 52242848 909862333 61318814
766009830 1 768020083 3645598
534744188 3121084 541468302 12267859
246579539 43006598 250656249 50263337
703996869 47948650 710397914 52780859
844266207 0 845709390 5336071
484736128 8954600 493640031 13412743
932411232 51752585 934302345 58294740
95470268 31829507 96573501 40386662
424529359 9777383 426499291 12848138
458052909 52504129 460360623 58021252
627670586 27566133 633929348 33811270
771137370 52505804 777274486 53750272
824230332 20071048 834112352 29363374
236172795 21603185 238267336 25972490
33308246 0 41862296 6858854
585950069 0 594297605 9597966
226393940 40562052 227079939 46595756
332122978 47171403 338469208 56148048
984499763 15258457 990049828 18043276
461071580 1 462738184 1393033
969564756 0 976719084 6403073
233295234 0 241393084 5056822
641875336 23373054 646772971 28016990
391244950 1 394654324 1745010
243663676 52858455 249069534 53379354
12148269 63477338 13605561 68834883
445856219 58608029 447202088 61887704
52119999 63532286 58045606 64607629
67565093 4937295 72475629 12484522
578734020 69418757 586137879 76297395
390314777 21548927 392555145 24145183
20778908 8387028 25547009 10805191
254921722 53448705 264538837 63045228
900198761 57129279 904312397 61049919
2908795 18836025 10741512 24308209
38641592 70635048 41674909 75838531
5493392 46150551 8671616 55894006
264924834 0 272462808 5406214
178829088 47211356 187006962 50217762
202859276 57629010 211075833 60443129
433887298 1 436764595 6491074
471916384 51329322 474293279 54049907
212115890 8636664 220236471 17711799
344702454 24703896 353068347 30431689
577075497 78449263 583142277 84768205
288966944 11789547 296684783 20424779
141988015 52578439 149261728 54956137
639153979 67046485 646340491 67410279
576302851 58602106 581821315 66942003
274432477 16740640 277583047 20903554
40703418 92486928 41622133 93625377
754071914 27043881 760202465 31340435
868801529 34188276 876307838 43220658
632304604 33811271 632417159 41574189
921129723 350638 925477792 7626675
734389586 11379927 738278299 18096694
811256144 14533356 813876174 19153684
466046934 23977369 466715584 32813953
537046491 307659 546655761 3121081
173051487 50973126 181298729 58699901
682267475 22205665 686366252 27008372
937023447 1 942129773 9897878
319651618 43352347 321046134 49349936
627535013 26400209 633031459 27384973
638045153 14963036 638383774 15403408
345367885 30431692 348888112 35082306
924823380 7626679 928350904 14754403
278689316 70361369 284780744 70613828
542851695 3121085 548402866 12987326
141716025 28045449 148095799 31235925
689937188 42869384 695761195 44248423
514483244 13455705 523462826 16483681
112509929 3957135 121327035 7909618
798655661 16927320 803896631 23195819
139516392 68546219 148616971 71663811
558440979 34914649 567649807 43562794
978677600 68028435 982492695 74148108
350120880 13186599 353815086 20318139
743790584 11575657 744077402 20534297
979759717 11142759 981715708 12424577
590071726 18401316 599268840 23706651
948081383 36301290 949641275 45521882
453314876 47304156 454702130 56193286
945671722 4 946385125 6278445
841733127 43977896 846545437 52088977
687208861 3 692390872 8121267
899129165 61049920 902426152 64450398
88311385 69070064 88546141 77410592
172549545 21898784 173021455 24044696
959028660 18070231 960379157 18165908
480291061 38904447 489631360 39550983
232415843 13177801 242211647 21603184
567876795 6020695 571499355 12247898
210610567 68400748 212822929 72683195
4722536 1 5093746 9002065
606596824 65052073 607825193 73690386
336590446 3 337311329 3785371
506193263 23974005 515927245 26253387
275094178 47287868 283087056 55874413
141010181 77580779 145303955 85977141
261856994 5406215 265245826 6508108
874382684 0 874923188 7101178
427429394 26667103 431397263 33644521
960549272 7615701 965268391 10168529
660479743 20307190 667628531 20347305
423335502 58827453 425661891 66768606
914028633 13839421 923258575 16670443
742570164 20534300 744607937 20586813
614387248 60745864 615312164 65332020
772487452 24000035 777311015 25247615
787782423 53623625 795174624 59552651
164922248 40396994 172223792 42757644
151640502 9771456 155694141 18280869
350062864 35897225 352687711 39607252
36295699 6858855 43277470 16031642
757601869 40584995 760460867 49882234
866774987 16898796 873897437 19164760
842274660 13243639 846150007 13949246
678860330 18900062 683045929 22205661
302786260 17783267 309615455 18314993
924958204 3 925638701 350638
108407118 19737948 110923749 21805298
49433436 31210437 53577127 38483940
84340592 40501820 86406830 48353817
94749052 68992252 101614618 77882679
654031902 56808073 654129360 65685735
35638781 62364801 45186431 70635047
984186822 54459966 993164665 58106835
99172168 33957311 100673772 34219292
264809974 35760735 266696648 40664042
536250047 24170068 543940254 34103627
222192221 40185135 231096843 40562049
658601513 15008919 659241951 17805412
413435409 15836604 414570953 24720470
919206237 32743029 924377716 35178649
149366437 4 151339390 8599583
812533894 0 815973451 3662930
771030979 44999699 778710849 52505800
46062214 14269069 54972678 22431374
90351133 61007156 98435816 68992248
668490980 0 674236781 8852226
327831682 17434072 331533160 26582937
278060761 31376719 286135794 38211786
346023113 59016957 346764552 62930173
315632203 33944774 324390483 39804031
464358645 12507934 465867845 15779707
169069449 12667004 179036531 21898780
324112148 63073521 333784769 64339051
102841511 84519413 112365075 88212002
116864317 8338146 119831434 16919203
278534848 55874416 282526069 59466424
376772969 46370318 386641413 52545522
721470970 39613947 722545376 41799320
872475371 58158867 873282104 60158018
645235935 9621619 654252796 13986331
367483672 57330430 371358237 63060916
650406784 56808071 653778472 61821478
67001638 48502941 76164797 56562304
49783620 4892264 55553250 14269066
83345129 48353817 88949088 52884796
971077314 32287861 977219105 41637884
108082738 96557574 112761011 103534130
143143982 21920607 144328860 28045447
53471549 55674044 58590787 63532286
565151998 43562796 569691739 53352482
614874467 35887248 623312092 43413955
844910404 53716214 849906993 62927234
615757820 31948218 617117602 35887245
261651070 0 263146204 4001704
99872453 31000716 107190338 33957308
107039633 103534133 109523114 103784806
956338985 11632245 960979080 18070227
919584998 52895721 923698315 59394528
371760980 26316635 375163019 35846274
382848694 9809478 388073991 17411121
546581117 24170071 551547018 25537558
473770960 83120863 476171326 85705805
62904761 57040986 68926544 64059133
842732035 24463275 850860346 28407037
202658605 60443131 208418888 61298738
964035211 16342605 973673116 21093721
576339659 66942005 579140044 69418753
406589931 4062023 406887290 5431529
896253858 2 896504783 1201301
210222635 60443131 219750343 67818258
712406406 5233268 720238341 9868735
475629043 59799835 484675773 66491158
558218359 8386253 560838230 11380126
467728869 12507934 473479800 16617131
742802181 11379926 750311737 11575655
682049809 27008376 682839783 27786691
964701685 24021040 974229563 24847471
834527981 3 840603631 6383822
486266980 52168124 494198544 53044126
358634763 61376053 365708896 66440901
746512712 46110252 750961365 50031104
496844633 61956648 501097846 68646718
396950540 26616320 405014881 31543602
79908716 32689308 84936963 35491632
552985969 33942238 559281113 34914645
393093258 21201187 397154364 25801571
690028875 17306052 699681702 21965429
265830854 16740640 273536851 23072768
23500984 28758492 26600142 37486123
289402995 20424782 291737205 26549338
653962678 65685737 654515437 75060098
610976742 52390945 619134768 60745862
43202037 16031646 43414597 21344104
972441501 58277994 974457792 66375586
126649825 56563946 131333639 59179239
379312044 23883138 384016451 33141418
922074522 22941653 922274175 32743027
222100032 6523023 232045454 13972526
382079117 17411121 386227075 23883135
194142244 22448767 196514682 30634470
253771363 26180674 255800073 32379660
4347869 9468372 10461053 18836022
884045975 35273725 892970646 41968253
128007595 21963131 129329292 27195262
236369644 25972492 240865776 31603595
791473828 935164 796028583 1992251
216317861 33410351 225865249 40185133
640489314 72820350 643302178 76192372
751574046 0 754228239 7371919
258603515 47917958 261956278 51310710
469396408 76513102 479292566 83120862
376429449 41217292 382702722 46370316
840351858 6383824 841133888 14244890
691518774 16549647 699617091 17306051
353521206 70827821 362607812 77855679
693647043 0 698446884 6195836
423808534 66768607 424491347 74238259
794351058 8144195 801670501 16927319
826901940 11405965 830610348 16839828
421799914 45347123 422696334 45679934
715164310 26367708 724119669 35675297
265303708 5406218 271231840 12750533
842290330 37379129 849018156 40972310
441773754 26200552 442740845 32557856
161210513 38433371 168303133 40396994
512074677 60099466 516091618 65123267
179407138 50217764 183054686 50973122
164098137 14505692 164198253 14562201
177768250 2178979 185267140 8380794
970877614 74148108 978842758 82670074
868450156 67355217 875801343 71571736
679272073 43971795 685375928 51547173
589213368 35587283 591386476 39280091
491567572 13412745 493441281 13950581
701911917 28209021 706815165 37277758
536341779 58846026 543900669 61803318
265116812 40664042 273158379 43713997
175872688 1 176427757 4788864
824960796 31003926 828195896 34965835
453752357 7423194 460513596 7524030
324055231 53247943 325539491 57565945
518251254 19073535 524273339 24290303
707943592 1 713079746 5233265
376931688 52545525 377385299 62346620
659190740 17805415 659410345 27720236
4518682 40547335 6679610 46150549
27468080 92486928 36624909 93083208
917730151 41465966 924704812 47427939
644382858 13986331 650017108 23373052
532789758 35824545 539271590 44481093
978222410 2407855 978540860 4234948
403479270 3553629 405205303 6377652
421549849 33644521 429908172 38429840
982772448 11142763 983381179 19790134
475249447 51329318 479900730 59799831
614146192 18089983 621997206 19354488
136960866 71663813 146089406 77580775
912351610 3 914255555 7424236
294626334 20424779 298004759 26152757
38322776 83312157 45944139 85665194
473221924 38904444 476288824 44738120
430779101 33644521 434700066 35614348
920455119 47427943 922037286 52895720
258133464 35760735 264402939 39879744
3428909 33094872 5694707 40547335
385009220 1 390765128 7811979
94291213 3945260 101461882 12177742
866693921 58158865 872258274 60556175
50954095 55674046 53387607 63213686
676200021 7675126 680572489 13032836
885947269 7521246 895469327 9268028
530387474 19073534 530627143 21425179
650312984 50756830 657401657 56808071
874982565 2 875040776 336055
606449055 19080792 610939781 20554454
359441292 4 364015723 1595588
686355605 42869381 688850805 47392088
43970464 58230927 46336272 62364797
527913719 19073535 528227327 21478559
312198701 16330704 312958962 19195157
938136042 9897881 942441968 15715411
423982875 7030634 428964296 9777381
182269196 57510372 185408469 58887129
489930720 2 496974954 8954599
505418568 26253388 507595591 32438700
171513764 11947892 175597151 12667001
99444904 18185469 106900087 21923408
81257203 15771455 85336687 24576603
161982026 2 162547696 6335111
281153711 59466427 282357658 68170522
625554124 27566134 626613440 29452012
100667111 24525445 103863691 25641572
866276145 0 866311788 853608
866534439 19164762 867295460 25687316
190263532 19491174 200102892 22448764
657443861 91917857 665294247 93852037
206407887 24135715 209019890 24227670
134196446 21963132 140700689 22765757
248916768 26180674 249669896 35718467
6495923 33094871 11606034 33453011
962689714 21093725 964533614 29997222
896737343 28209244 903046862 31352293
918600712 9642516 919785863 13839417
532729010 12267863 536874573 20802695
50574258 177480 59130745 4892263
708635973 52780862 713131342 59417036
945543774 15223481 948149177 23007202
803498951 0 809905805 8284335
219634841 68400750 227803292 71321918
471599112 44738121 478534143 51329318
866347905 6919898 873835041 16898792
512658712 0 515234989 5181266
142830448 41180058 151980765 43208562
430426431 22463369 437460807 23481474
127062265 9339748 129639519 14577691
153524971 6335111 162114591 9771456
279112258 16740637 279167645 20334799
907950709 49946931 916124887 52242848
49678106 42515475 55762879 49730063
283724339 26549342 293138374 31376718
334064365 4 336175412 5164178
444434531 38809956 449344977 39169625
93657080 40386666 103566326 48333894
56045129 4892266 60232876 7321157
932961772 67444220 942578154 76032740
76698951 65550784 81168640 68454160
873318125 32903838 877898497 34188275
60726782 17086685 63691791 18518612
854688036 3 863808869 3231638
978752143 54057953 984452530 54459962
831699293 42805101 833453919 46258697
348677919 45451898 356916174 48628869
70162831 12484524 72332618 18874447
981118837 2407853 990215351 5361608
368786423 18910523 374022070 23211199
888541178 1 891906321 3625551
314714657 27602253 315188716 29501711
653245926 61821479 653789173 66052771
873596184 43220660 883145542 52844898
603690447 65052074 605968241 67773061
74166283 68454162 78912309 77614791
267064994 55874417 276747280 63601961
127950937 21715203 136683896 21963129
137823064 85977145 147372885 87351160
255580535 51310712 259818997 53448704
739891485 22945301 744773587 28395112
197854691 67968067 203078879 70943015
748441475 11575656 749947794 19053344
565424812 53352483 574457899 55527017
600265901 67773061 604052315 71117851
765942564 27389280 774165440 28204603
4466036 24308211 13106878 33094871
615690528 28124541 620805745 31948216
568036349 55527019 573963876 61837387
189170964 30634471 198969691 40496803
769242437 52505804 771076241 61838987
49115587 101611457 51062698 111463737
720101216 35675301 725622798 39613947
208165192 5470002 215576888 8636661
593557156 35587285 600083293 41286725
890474361 41968254 894694770 44827804
136249749 56330437 145095582 62611769
709937061 12879583 713115261 13225153
301810283 8256130 306933533 8356366
825270060 30419760 828342522 31003922
25194027 259803 29030112 8387027
208388382 0 213994700 5469999
548671230 27515938 554132977 33942236
52255279 64607629 52561278 73308180
307743485 16330704 311185941 17744636
370727922 35846278 375042316 39153602
387639837 21201190 392714982 21548927
42481835 42839026 43251722 52263678
784155875 935162 785359766 2470133
356540317 35897221 360649174 45451896
162533767 6672998 167622489 14505688
134693367 12376714 143627651 18410664
630325649 10984973 638816625 14963034
180901298 1087084 182779439 2178978
632595445 69430033 641569587 72820347
341637694 0 341864353 5175589
464588970 16617134 473926293 23977368
533171800 0 534307197 1514464
928889246 58294742 936445122 60364249
958226495 4 965794046 2563470
902369993 49946928 906950817 50076776
645289238 65983281 647800169 67046483
875269466 58158866 877033792 65607084
724894076 4 730835255 9052084
329342382 4 332577296 6334898
6049665 68470383 11967818 72623424
344692057 5739664 353107316 13186595
741473304 42589680 744947599 51298092
357170890 66440902 364626764 70827817
260594102 39879744 261093039 47917958
772385690 53750272 779240655 54642751
878662750 54811223 881751279 58474864
848178516 28407037 851710579 32557178
534712753 52363844 541779319 58846025
68692419 906865 77428527 4937293
455783739 47536958 464861255 52504126
164836340 0 165648827 6672997
333229559 5175589 342647685 10076138
415035936 1 419173174 9087981
109408245 10102327 116746678 19737945
399334065 25738592 408058822 26616316
326142656 53247943 330096934 58878232
526932640 6565992 532959843 10919776
432948590 51453997 441284771 56292087
745488591 27959931 747248895 28017030
803776167 8284336 812487405 10982371
579492269 76297398 584114663 78449261
794327587 65324866 801482868 75053018
644633071 91917858 653288931 97977762
310173712 13207370 315570423 16330701
125434275 4 126257606 658394
777425591 33395707 785560065 38637024
507651725 46888539 513667498 54485136
666405532 8852230 671633042 10445922
93901020 84519412 101067508 84521823
347447031 77855683 355169717 84232966
95780714 21923408 105166134 24525442
653555198 75060099 659187665 82729790
665128514 19765477 671818749 20307188
880566271 52844900 880789259 54811219
116943449 30670073 117871970 31898290
2720415 72623427 9156818 75844793
615900043 2 616337311 8394489
611981184 73093288 612421736 76311689
839099056 52088977 845262886 53716212
223896062 2 224497299 6523019
222637732 16535456 223219267 25861096
522975227 16483685 530817672 19073533
79701957 4 89467183 3598706
295818128 43939373 298181550 51706735
437665133 56292091 438219986 63933574
842926843 19232418 847939953 24463271
601633703 63133494 611277717 65052071
532227665 20802696 537284129 23720783
769532335 18193315 773927926 24000032
61992118 3 62727122 7409857
920877052 59394528 920904707 66425808
164610823 22657362 167619104 27191297
841146039 13949250 848661704 19232416
909950977 54356797 912672462 57756652
605257465 3 613894132 6400338
692219059 51676426 698653068 60314524
253230690 17476465 253862335 22300919
342367592 47171403 345504930 51367186
81468002 35491636 91319596 40501820
35573086 85665198 40806161 92486927
358781195 57330431 363631603 61376051
398199756 12595008 402451110 17743360
648015987 37437725 650091062 42737225
62364825 7409861 64304337 17086685
293050880 20424781 293992858 24847360
231831374 33410351 237074510 37914295
128715970 29145191 130253884 32846929
471171337 67618789 477347665 71338269
456638534 47304156 460507698 47536954
666517108 10445923 667390818 12543154
116057127 21382511 120108796 30670073
84308567 24576607 86178471 28591781
442723505 39169628 448573130 42129335
405732708 1 411760270 4062019
588588520 9597968 598058279 18401316
852376499 21259423 860393917 29939711
288608808 39611376 296944910 43939370
613896319 19354490 614336196 24398486
477198082 3 485279761 4498471
183424680 50217766 192816181 57510371
257676580 39879745 259104974 41230761
441603239 0 449390116 8657419
884625673 59347691 893167421 65155537
656367522 719365 664353817 5845441
976939210 4 981244718 2407851
201042840 19491176 203499967 25496590
969665630 6403076 973667278 16342605
549940924 25537560 557882534 27515937
849126870 32557179 859013128 33069018
580553059 50577881 583192825 58602102
502966001 32438704 507110849 42217567
692174477 44248425 698776689 51676423
537411952 34103627 542110421 35824544
270589352 63601963 274431360 65934291
854082775 41710908 855514894 43455270
286927607 6743863 289013066 11261884
302014836 1927105 305221031 8256128
315262963 27602249 324435744 33944771
701414982 20755741 704350300 28209017
273764602 38211786 282345413 47287868
142840707 18410665 150842815 21920604
174070640 21898781 179554399 27434095
892014883 9268028 892515883 14005639
50262411 49730065 53946174 55674042
584952166 41624879 591361301 46675710
662816862 5845441 663795642 5898768
625503571 33811273 632291064 43063897
228367862 21603188 234383133 28038064
664304298 5845443 664764170 13752612
739212683 28395112 743022468 32844289
663817338 93852038 666796140 100055854
581369974 34723983 587590007 41624876
108002691 36914842 114688422 44710149
36961133 75838531 39275316 83312156
752625651 32632493 757291258 34504533
741752869 2 746850017 91591
255687754 21726636 258535056 23512291
375416845 0 383006168 2344744
51674185 73308180 53462660 80914610
750156468 36504386 756613961 38478670
730336036 9052088 733699441 16568408
580905630 46675710 586582095 50577881
613416007 65332022 621131652 66132390
829074259 30419760 833334375 36111375
679582530 51547173 681101830 53595670
623037004 27384974 633022359 27566131
631367308 2849973 637728355 10984972
79190384 50658350 82370052 52599793
352153195 20318141 360347836 24703894
463186639 4773882 468889187 12507932
787007044 39843525 789531828 48363580
139272031 62611770 145693834 68546219
421777878 45679938 422514207 49044883
707858359 5233267 710229323 12879582
787052024 16927323 796509314 22011372
856696734 3231640 863528951 3680938
944316371 36736342 947428590 41223693
646076034 28016990 650578398 37437722
908187022 9862494 913267417 18471111
904222590 28209248 911304379 31758038
91088282 3 99270422 3945258
74771026 56562305 80437894 65550784
605673803 60745863 612675010 63133493
375565405 18910525 376104987 19788149
199547102 9517601 205673972 19491173
541938636 4 542696460 307659
385516262 41217294 390070540 42317009
504421043 4 505037604 9597034
976754246 41637888 979382580 51616055
46687453 22431374 55090039 31210437
453827058 1 458820903 7423194
432642344 35614351 437495896 43292791
103886771 33957308 104640010 38874277
129528801 3 138420480 9339744
79249683 40910264 79354771 50658350
269508355 23072768 271904463 29156258
337287694 44768007 343772099 47171399
313163644 7315612 317814301 13207366
470239813 23977371 474213937 33909471
370994585 9809479 380345774 18910521
92222615 60287869 101286203 61007152
6807208 55894010 11436172 62394418
987581510 0 991194978 1249749
105553512 33957310 113594247 36914838
701489451 37277762 704550563 44800492
954656260 36976725 961087789 44161840
877665741 58474866 885005546 59347690
97879026 92587642 101193828 100610816
743159398 28395113 745628722 29548901
9577900 40371217 17223190 40785664
930042550 15715415 938487635 19835478
813938162 28549114 814928207 31553954
712791150 35675298 717244736 44395412
782670512 48363583 791500219 53623625
195665570 1 199655357 9517601
503528128 19214873 506180051 24353421
181858113 46903191 186118565 47211354
598832352 3 600249049 8328967
894125045 35273722 896470293 38383771
383670792 52545525 384529804 62237407
964946756 24847473 966267817 29097488
511189598 38356330 514092969 46888539
681001293 22205662 681445594 29136245
869924196 57688329 875394208 58158863
47788375 101611459 48708315 108957161
532528638 44481097 541415758 52363844
629208469 2 631839809 1562935
793470922 6823830 795882686 8144192
542245685 34103628 542277877 37111028
645832312 97977764 646298468 104134832
105446461 3957138 111787567 8985369
433587250 21650478 441857787 22463367
719571072 15942359 722201434 23482900
873369635 65607084 879309297 67355215
312579573 34301087 312966468 41587700
43741547 85665195 50280747 95127772
73143528 56562305 74631044 63479880
273937752 0 274961268 8678287
920244158 66425811 929722742 69017482
158398590 9771460 160181931 14570308
830963084 10206853 835911002 20071045
5276108 8218271 9609246 9468368
686403201 34852676 690896636 42869381
442699672 42129337 447742266 42368683
971997040 54459963 979673231 57233887
513955390 35632853 523100019 38356330
146138396 31235925 147670616 41180054
204072163 19491173 209030173 24135715
518255653 3 518506968 7957522
319821303 49349938 319947229 50373734
55825394 7321159 60671992 9085457
562039847 2 569389802 6020692
273419564 8678288 279862794 16740637
308945959 48049502 318351433 53760497
56182433 3 57818840 177480
402761428 4 404227641 3553626
197891636 40496807 199623933 49499244
753721571 7371920 754976924 15801101
396871765 31543605 403003910 35465952
496203987 68646719 503901894 76581142
926676170 41465967 926702200 42927689
619685268 19354491 622369007 26708063
284632321 4 292858398 6743862
424582296 51453997 431604075 58827453
543049308 20065955 547191252 24170067
96220294 24525444 96307231 31829503
956555271 7615702 959564061 11316300
750612539 27959934 751384417 36504382
543689787 12987329 543784933 20065953
590608644 34723983 597703005 35587281
858910555 13325827 863707768 16882271
682233907 8121267 691822919 16549643
379148815 33141419 388159094 41217292
943819599 6278449 948646916 15223478
329571409 58878234 334058405 63073519
648988997 42737227 652945583 45086230
880230827 65155539 888036558 71466198
314112697 24697828 323665511 27602249
3371052 62394419 9064257 66587374
361071496 52906213 370583954 57330430
386149901 52545524 394583642 55100945
358350760 45451900 368085450 52906210
721718941 9052085 727473196 15942359
553968244 2 558736469 8386251
817828246 14533356 819612373 23263110
756123582 38478674 757068842 47096045
588876543 46675712 589936639 55282843
804908750 10982371 813569546 12931905
865440863 52844902 874886959 57688327
395757305 1 399448826 8156498
644851406 45086230 654435153 50756828
755727807 21529570 756645878 27043879
60953057 2 61576692 4384246
889682393 65155541 898868453 70181005
660161037 0 661003281 719361
636826920 60263312 636922458 64521346
961357405 36976728 961629344 44395811
214496516 17711803 221980398 21971743
310255358 0 320039050 7315609
788568882 59552653 793693943 61984754
326366350 16331999 328248999 17434070
105728793 21923408 106827807 31000713
891698839 44827806 894680956 54811803
367818048 23211202 375779920 26316633
735640938 18096695 741282776 22945298
317858794 43352348 318197663 48049500
247868312 8622888 251584935 10113774
936569051 20063502 939498007 26729816
43136315 35648762 46157410 36775723
611014998 66132390 617567445 73093286
9603506 62394419 18896257 63477335
703206638 12236349 703738182 20755737
854588881 34502599 861538255 41710907
184424351 40496803 191468323 46903188
855393633 10869992 861157640 13325826
167349889 14505690 168271891 22657360
818056846 28549114 822348615 36614106
423038743 1 426363676 4311336
112883681 19737949 116728632 21382510
800040620 1 802162788 952104
289917509 43939372 294336724 49830922
77719631 24576607 83225566 32689307
87905812 68992248 91661035 69070062
199930159 61298739 207333808 61388985
398974529 21201187 405749224 25698113
100552249 83617936 103108707 84519411
390635878 17743360 399099334 21201186
737666032 32844292 743082732 42589679
254026628 63045232 260542478 63189495
774569642 38637027 778449269 44999699
614770049 19354491 616645348 28124539
10012834 63477337 11790756 68470381
746372163 38478672 753383291 46110251
12989424 2 15487132 791659
417916896 38429844 427638650 45347120
316418179 39804032 323586789 43352344
835200491 20071047 837224604 21940777
979318503 51616058 983776154 53431967
646534262 3 652973936 5070293
841875084 28407039 843025848 37379129
173447139 27434097 174815466 34308025
129251712 27195266 134153479 29145188
438576137 56292087 447942224 58608026
835139786 6383822 838629993 8223750
972584781 53431967 981771689 54057950
351088195 48628872 352025030 54347173
340567654 51424988 345550203 56525822
211443342 67818261 220473286 68400746
916167289 54356795 916351353 58303439
343766387 1 348675464 5739661
973944620 24847475 980834905 32287861
740587519 1 741225107 3057179
254684906 23512291 259319714 23663895
764098176 18193313 768983416 27389278
961071740 29997226 970945511 36976725
491683632 25527877 492367784 25564777
300926827 18314993 305053389 24221559
84399584 52884797 84708520 62847467
19653746 28758494 22620678 31968092
758783926 1 764225837 6476505
117755645 31898293 118651824 36798334
416900738 9087983 420881094 18394640
975105409 6403075 977506450 14387367
428395282 6491076 436921815 7030632
41548410 25758381 43450518 35648762
404876 0 1680367 287163
853746729 13325828 856633472 21259421
421680428 1 422147705 5561140
873711768 26576477 882752991 32903835
315408221 16330704 320488574 24697828
579316442 9597966 588158381 17996278
244424785 35718471 250654159 43006598
332366339 64339055 339836286 67432826
588127876 23706652 596147959 31668455
901968954 31758041 908681891 41446294
322631769 57565947 324759148 60084278
795461718 29750475 802105082 38717358
959206079 11316303 959654859 11632242
198967472 9517603 199398536 11605046
783939805 22011374 791754644 26808951
649205263 82729794 658976675 91917856
638350733 50756831 646401252 52075386
496242123 13807634 499487114 21164693
981335746 58106835 984198628 62199922
451269114 2 453060971 9171213
88021062 3598710 90195010 11296788
629633807 18639946 639545212 26400207
325593036 6334899 330423645 16331995
441163201 13515156 444178711 21650476
419753331 74238260 427481636 79125940
475274336 71338269 478053287 76290935
57266183 9085457 57789297 10820965
320583306 49349938 329980111 53247939
885812732 9268028 891984761 12890050
247385487 17476465 252948046 19204490
342004018 35082310 349932980 44768005
792391987 61984757 796185946 65324864
37045493 52263678 44263699 58230923
890850021 31352294 900340684 35273722
575145112 69418757 576820379 69831543
718237739 23482900 725798291 26367704
24804212 15178778 30980057 20410302
502810376 24353421 503954165 24736800
447827513 42129335 457728158 46444105
488238528 16899433 493738623 25527875
131918154 18410664 134722774 21715201
797124788 38717358 797525629 45892798
241395720 21603185 241587235 21885495
251579852 10113775 255225498 17476461
312365062 27602250 314553710 34301086
454352448 11813544 455944852 15290755
702086989 10803500 703750735 12236345
679223280 13032837 681311231 18900059
284685942 70613830 289760142 79265143
716201485 2 717415261 440673
794218138 22011376 798339645 29750474
636714294 52075389 640055098 60263311
18380655 10805194 27084074 15178775
85106519 69070065 88160770 73315437
199320231 61388986 205467654 67968063
641370341 67410281 647598754 69430029
844042815 5336075 849464353 13243636
72848934 40501820 81546444 40910263
137600332 87351162 139334720 87543923
924157388 52450516 926787310 57142257
9450327 0 11406910 8218267
390861877 24145187 390939515 24341263
172495396 4788864 176668628 11947890
264284364 29156261 269830060 35760734
412137226 15836602 413294803 21444375
954749390 2563472 963237188 7615699
827363992 3682835 828772482 11405962
809092932 12931906 809659580 17096927
164136631 30635017 169808498 38433371
501393986 0 501934933 9488754
109298085 0 112579113 3957135
813947159 14533355 816596535 16086449
737296895 3057179 740960401 9839950
473692135 33909473 480691381 38904444
882184450 3 886025355 7521246
87840060 52884799 95094643 60287869
247237436 1 248886233 8622885
987068675 11142762 995316424 15258457
72750058 40910265 75993010 48502940
467226902 1 469643610 4773882
682631031 34852676 684158321 43971792
900096672 18662038 906454828 28209244
929858620 42334467 933611820 51752583
514511215 5181269 516971786 13455705
283093177 38211787 285844051 44962852
374083281 2344748 383625072 9809475
886851887 41968257 889855743 46391612
705661734 37277758 710594308 39180737
451807352 46444105 461174940 47304154
117820262 7909618 125335709 8338143
938882539 26729820 948441136 36301290
825419550 29363376 830928508 30419760
728006603 24646875 734261754 32219493
813322418 12931906 821692006 14533353
605928744 21407967 606178843 29590808
932640962 60364251 934565806 67444220
136092264 52337823 145504999 52578437
928141510 41465968 932115950 42334466
24504278 3 28682148 259803
491258017 46108679 495972936 49925073
852145975 29939714 856254419 32001797
290031326 31376720 295468439 39611376
470513874 0 475722938 6849739
129165138 56330435 135369929 56563944
699113559 21965430 699171926 23011745
545149708 38523104 552442111 46930966
247106572 23663899 255083816 26180674
851246175 3680938 856783887 10869991
646714214 61821479 653051105 65983277
547830015 33942237 550271338 38523103
832854705 36111379 835267255 42805100
394518593 8156502 402009439 12595008
254004619 3 257044949 9839378
79261447 3598708 84340880 10985324
480605358 39550987 486815264 39789033
971648388 57233889 973225197 58277991
149467480 21920604 149706482 24373230
654673569 5845443 661178933 15008915
32611279 16031643 42240442 25758381
566575948 6020695 567356155 14316368
601025740 10813635 606947464 19080790
841596628 37379130 842205794 43977893
297964118 51706737 298866763 52172546
914905770 4 920632369 9642514
932741902 19835481 941251555 20063499
143521851 87351160 144092514 92387249
924056045 35178651 928673496 41465966
485481858 39789034 492312908 46108679
6076149 33453012 14364301 40371217
528407537 4 530303878 6565989
831242333 3682834 833843096 10206849
511359794 54485138 519098481 60099463
272597094 70361369 277447248 80146501
512368566 26253388 520535149 32543356
109920794 8985371 113506784 10102323
899789704 49946929 901549085 57129275
917004294 16670443 922470626 22941649
137358834 9339744 143603619 12376711
487963388 13950581 494313946 16899431
96788862 12177745 104644039 18185466
628903050 14963035 631055519 18639943
980262331 5361609 987225874 11142759
44253653 36775726 44335682 46684904
924329329 47427943 928347700 52450516
945186942 23007202 953987228 23051097
321179984 64339054 324654037 69461758
814659716 23263113 818270146 28549114
694657538 6195840 696638570 10124307
860762385 16882274 863151084 17420412
45165753 38483944 51207806 42515474
751424674 31340436 760907269 32632492
