80
54 30 86 92 53 69 83 86 36 66 100 28 98 94 1 25 58 35 24 52 10 37 42 73 61 11 86 92 3 37 1 75 8 70 13 93 77 91 65 15 20 52 86 43 56 31 94 49 36 21 60 78 65 76 73 66 68 1 19 26 54 15 56 100 86 83 70 37 97 87 52 67 62 13 30 58 6 92 34 28
31 89 22 90 55 19 93 98 4 77 61 100 38 25 28 15 48 47 3 3 18 73 93 93 40 46 20 46 66 68 7 64 44 70 92 29 42 51 65 40 92 33 16 78 45 74 50 84 3 60 30 18 25 64 26 12 3 28 69 84 28 48 59 25 35 56 11 32 70 47 98 38 93 94 91 23 1 90 31 25
18 48 79 88 90 7 75 17 3 82 9 1 92 79 77 52 51 94 2 18 49 50 15 29 60 10 70 14 47 55 30 4 20 83 16 24 39 69 84 90 53 98 0 0 82 79 83 37 50 91 38 58 67 56 14 97 93 84 86 95 3 25 82 23 52 47 35 82 41 84 18 99 12 30 42 33 52 73 67 93
67 57 59 70 37 6 54 97 86 43 57 49 74 87 18 54 95 35 87 27 23 39 57 48 37 26 70 29 15 94 20 3 52 59 10 99 98 29 99 98 92 19 23 7 26 95 19 68 33 82 78 33 67 44 18 86 99 67 19 7 0 82 14 1 64 53 43 14 7 24 6 81 99 95 41 2 27 28 25 96
24 99 55 33 15 58 80 64 62 100 93 13 15 17 44 4 76 89 82 47 29 82 72 18 83 54 81 2 37 25 17 96 93 92 4 78 76 56 43 54 44 4 69 53 37 28 66 1 91 39 36 98 88 26 69 53 94 9 80 65 90 26 62 6 48 11 7 80 7 42 68 8 20 46 25 76 9 18 47 72
95 66 84 44 27 99 25 45 68 26 63 90 20 51 0 10 39 67 83 99 45 41 76 66 31 59 24 48 45 77 97 49 2 98 50 56 98 95 72 50 99 74 11 77 69 61 53 45 56 68 50 51 54 14 11 84 87 80 88 47 22 93 78 46 43 39 23 83 34 48 76 28 86 37 68 2 44 73 41 76
21 69 51 88 28 94 26 88 13 26 87 51 71 30 17 76 31 71 20 26 16 87 52 54 51 54 72 11 23 24 4 5 38 60 61 92 87 75 5 34 66 21 94 67 32 85 32 11 52 91 3 50 8 49 13 71 10 31 23 41 66 90 5 44 17 72 11 21 35 19 48 5 38 38 41 71 21 3 76 88
23 52 35 44 3 23 46 46 54 7 89 4 65 9 50 88 13 12 50 78 21 69 15 45 25 12 68 93 40 89 81 99 73 48 59 18 36 32 28 51 10 87 97 88 46 95 83 40 91 7 96 97 73 63 73 62 49 30 22 9 81 2 53 74 20 18 64 15 14 3 49 100 72 24 26 8 92 80 99 26
14 98 40 70 99 53 15 94 36 88 68 86 99 48 91 98 55 76 70 49 54 54 20 82 26 95 90 99 41 92 16 46 19 89 1 100 5 56 83 62 73 51 74 38 14 21 3 55 94 87 38 91 57 60 70 9 4 100 65 72 70 75 36 75 99 54 65 87 73 10 40 35 65 22 68 56 39 21 50 71
40 71 27 3 39 45 2 83 46 10 1 10 34 88 66 16 11 95 2 58 12 61 7 11 47 62 23 4 47 89 75 91 30 32 55 16 32 14 87 88 33 71 1 23 100 65 32 83 14 8 14 75 23 0 7 51 53 51 77 51 87 27 59 35 99 68 78 15 82 29 30 43 40 37 32 75 72 4 49 39
9 79 26 21 26 66 83 40 35 98 34 40 89 74 100 66 52 31 95 52 57 88 72 58 100 89 42 9 90 35 25 80 94 90 2 93 8 52 79 66 40 38 53 98 77 77 94 73 68 52 81 52 65 15 49 68 33 11 81 7 32 9 58 73 11 30 47 18 87 40 83 39 8 70 63 63 41 71 50 84
85 37 83 86 10 16 64 31 42 15 42 10 81 55 27 50 16 76 2 81 80 4 31 78 65 84 46 79 10 90 52 81 0 51 34 11 28 99 60 49 82 25 81 64 65 8 98 58 56 39 4 47 94 62 26 40 21 68 36 21 63 16 44 86 82 82 62 61 10 4 88 66 40 92 28 23 35 86 5 6
32 35 5 46 25 38 18 29 97 11 74 8 92 52 71 100 58 69 19 3 42 9 54 61 76 53 0 69 46 73 3 18 96 45 28 61 28 39 85 32 35 81 74 70 25 65 40 15 21 18 32 42 99 75 5 0 40 82 77 75 96 69 40 13 8 55 87 21 25 50 26 1 22 65 14 64 66 38 9 47
85 93 64 98 19 61 44 98 36 99 44 7 45 18 56 82 10 61 62 49 24 77 33 17 53 64 8 39 41 43 85 73 35 63 83 43 24 5 18 12 72 56 19 70 43 87 8 54 62 4 0 51 40 48 29 65 2 49 58 18 26 82 95 34 71 93 68 99 99 98 95 83 93 26 20 54 92 82 40 18
66 40 80 40 58 28 75 42 41 31 2 16 2 52 17 52 100 70 29 20 14 63 36 3 57 8 63 31 47 45 90 82 91 0 79 76 66 78 46 11 16 49 46 89 30 13 55 13 60 48 1 18 55 88 80 88 48 65 78 72 23 20 7 48 38 93 44 50 17 60 38 16 20 25 20 44 62 30 42 14
95 17 85 10 5 37 54 50 15 2 20 7 65 51 39 36 16 74 78 95 97 32 53 94 94 49 48 29 93 31 38 53 35 23 80 37 63 24 29 16 17 68 73 31 96 76 96 7 68 44 69 40 2 88 11 34 35 7 83 100 22 36 62 81 8 20 78 74 77 80 100 3 18 0 31 23 11 9 100 43
97 53 43 88 32 20 86 2 41 11 91 51 50 92 87 81 16 16 90 79 86 2 18 7 30 43 40 36 60 93 13 11 12 28 27 90 61 32 78 91 83 17 69 75 20 65 100 70 17 46 40 14 27 14 82 42 24 44 76 59 60 35 69 56 99 99 90 14 70 29 87 1 29 6 49 43 80 14 24 24
59 94 24 9 94 88 98 7 6 75 98 91 14 41 79 15 39 9 40 46 21 58 60 68 24 59 7 56 3 100 20 39 40 79 6 23 65 77 75 51 31 19 36 78 28 71 55 31 100 69 97 67 40 43 72 99 84 78 39 84 13 55 95 34 33 19 20 5 57 76 5 77 70 45 3 50 10 61 71 51
14 5 95 91 1 0 21 8 43 99 20 10 23 83 63 61 57 29 77 74 19 58 6 35 44 45 43 8 12 68 86 68 85 59 54 64 88 96 36 67 40 64 33 67 6 82 4 48 72 22 10 56 94 32 99 85 42 77 65 31 78 24 86 78 5 80 87 74 0 23 25 53 36 45 86 12 7 95 2 94
27 3 10 76 37 55 43 14 30 26 67 36 84 90 51 59 69 51 1 73 14 39 54 87 32 38 70 25 57 0 93 12 4 59 75 94 63 28 71 22 47 96 83 70 93 54 80 25 56 14 37 81 85 94 64 95 69 8 59 31 4 37 13 48 52 12 7 78 12 96 79 0 60 43 50 74 64 45 50 8
65 75 95 30 86 96 26 76 61 7 13 72 49 91 80 72 80 48 31 38 12 82 55 70 38 56 81 91 15 37 41 4 72 52 68 54 39 47 19 62 33 49 81 55 99 95 74 27 96 5 88 73 9 81 98 14 6 10 55 24 38 17 70 82 63 93 12 70 98 41 99 60 73 58 18 67 18 84 21 95
64 76 42 15 57 64 50 55 65 77 12 54 74 40 57 87 73 22 68 70 19 56 15 33 1 74 88 59 31 39 73 16 95 43 94 87 67 49 89 19 55 44 30 70 1 49 79 34 46 36 41 90 43 13 14 87 94 100 36 62 53 84 78 38 90 49 77 95 63 45 22 19 71 91 20 66 51 11 95 83
31 42 4 42 28 55 81 66 59 43 17 5 34 12 88 32 44 69 48 16 57 20 60 60 42 93 71 67 4 24 29 96 62 54 84 92 24 86 28 16 96 43 93 12 23 28 47 25 36 61 36 44 30 86 93 78 99 79 33 3 6 24 61 74 81 22 53 6 47 93 10 45 63 65 100 37 83 21 51 26
41 23 22 79 23 84 17 71 76 63 69 87 73 58 77 7 5 19 44 85 12 76 58 9 45 14 3 2 31 58 63 60 12 8 93 30 53 83 21 70 87 90 6 10 27 96 81 31 99 14 60 85 68 2 72 21 73 12 36 38 86 84 57 10 50 23 30 99 47 86 56 52 63 62 34 22 31 90 24 4
64 55 72 96 57 4 20 53 10 83 6 27 58 86 33 30 20 5 31 89 70 46 42 95 81 56 94 82 61 30 10 15 35 78 63 2 75 87 24 35 7 88 24 68 83 74 65 80 63 62 36 15 30 42 90 41 98 6 35 74 13 75 46 65 86 98 57 24 36 60 40 45 53 69 22 16 45 97 18 92
37 5 56 24 2 73 25 38 53 77 46 82 7 56 46 16 62 56 93 10 25 89 49 70 65 7 51 97 9 62 47 18 16 96 21 87 77 67 14 8 29 23 73 35 93 28 4 64 89 99 50 25 67 23 50 52 26 16 26 65 77 98 46 38 40 32 50 48 84 82 68 78 26 45 2 57 17 18 41 68
35 47 72 43 80 59 21 47 48 34 67 82 27 51 12 38 87 65 73 62 52 84 31 91 6 83 39 65 32 92 87 74 33 79 48 11 98 46 93 99 73 64 33 23 63 83 53 66 62 92 29 2 2 0 72 13 13 78 66 4 16 59 91 98 86 10 10 51 48 73 31 14 4 73 11 5 95 64 68 77
52 27 8 25 5 19 69 49 52 34 55 38 89 31 2 25 22 19 17 47 90 27 86 41 67 64 63 4 55 91 91 34 11 15 50 27 10 37 28 21 24 63 74 96 20 89 70 81 16 72 28 73 71 56 47 62 78 23 45 1 80 18 59 54 77 53 22 14 11 65 92 83 44 77 51 3 98 50 92 86
80 99 37 36 53 21 0 59 6 43 3 96 32 25 53 45 89 57 20 64 25 70 9 74 16 13 73 30 88 97 36 7 76 55 1 91 61 87 64 99 9 95 74 76 73 56 34 49 72 84 46 7 61 27 70 87 5 56 91 64 80 0 37 99 56 51 84 60 65 86 15 53 6 49 80 71 41 81 88 75
67 94 93 88 67 27 91 8 31 62 46 39 73 47 26 52 73 56 23 67 36 64 74 46 87 25 100 57 88 71 5 48 5 30 98 72 3 22 50 4 2 62 35 54 46 34 100 100 25 61 97 84 15 65 52 14 34 0 66 91 66 21 71 6 50 22 71 21 72 76 87 88 63 76 17 81 93 32 69 44
90 63 83 73 52 69 25 30 70 11 92 69 49 30 18 55 12 8 17 55 45 59 69 50 87 73 77 95 44 71 58 51 51 96 90 23 58 51 38 52 38 58 76 37 0 84 81 72 14 33 50 99 75 32 58 31 81 94 98 34 39 73 24 88 84 43 67 49 69 53 46 51 74 75 68 98 71 3 78 43
14 66 87 14 29 43 56 8 4 62 12 76 71 63 44 12 10 86 98 7 7 8 13 27 1 92 63 27 34 39 89 99 46 28 29 65 60 78 25 16 65 56 8 69 18 77 61 71 81 80 0 34 7 55 61 18 54 94 27 60 30 23 41 69 42 100 16 85 48 85 14 11 88 11 53 4 83 96 59 45
60 39 72 81 83 38 26 30 47 5 9 82 52 32 18 0 23 46 80 55 98 81 70 39 57 52 64 10 43 74 64 98 36 100 40 1 40 34 2 87 34 96 2 90 82 20 59 76 11 53 94 51 8 5 30 8 55 95 33 70 27 13 10 76 24 30 44 51 78 45 98 6 95 89 87 23 61 5 25 0
40 50 79 66 69 23 37 95 52 92 69 97 95 30 25 48 75 19 52 2 96 63 68 28 97 56 67 12 100 61 55 83 44 18 15 47 26 13 73 41 0 13 8 21 4 74 30 61 72 68 63 11 43 98 32 6 59 28 26 88 94 13 17 47 65 91 93 39 67 46 10 37 20 13 91 53 49 40 100 70
6 73 84 37 25 51 24 0 73 20 76 47 45 93 78 6 44 79 24 59 98 15 57 30 16 79 65 40 9 66 66 23 40 69 73 23 69 81 95 84 12 94 9 8 81 48 18 100 63 30 67 6 67 60 37 19 18 20 50 53 72 19 6 85 34 16 33 55 3 55 67 63 82 53 26 70 52 20 74 63
62 5 29 64 52 1 94 43 39 45 8 62 75 64 30 59 70 6 50 26 56 33 78 49 53 80 92 91 54 22 0 39 17 37 93 1 23 87 38 23 85 81 35 71 77 28 67 37 76 83 77 64 13 75 28 0 91 63 63 65 44 38 96 64 97 48 17 9 29 26 37 68 52 93 66 91 1 7 29 26
31 23 95 70 39 55 99 84 74 51 38 95 21 67 94 1 6 87 15 38 55 19 97 38 75 34 77 12 68 4 40 97 57 69 33 69 48 98 39 83 80 33 80 78 52 32 44 66 29 57 30 85 99 34 17 62 14 1 92 67 85 81 6 63 70 43 92 59 68 1 82 88 46 47 88 76 53 44 70 55
60 25 72 85 97 73 37 74 32 34 57 77 40 19 20 79 33 12 100 66 88 48 70 17 20 13 11 55 3 38 92 9 53 5 6 50 85 74 24 86 85 44 31 66 43 9 54 17 4 59 93 20 97 49 47 61 52 79 52 70 33 93 71 46 40 6 49 85 94 73 22 41 16 1 37 57 54 50 56 33
6 94 14 78 7 50 52 60 7 90 43 63 18 75 50 24 21 2 61 70 66 6 40 35 98 81 78 39 44 69 64 71 34 75 18 55 8 41 58 64 77 71 30 12 85 99 15 68 86 76 87 56 6 69 60 30 40 66 95 71 38 31 12 99 85 24 80 84 45 26 52 39 92 83 84 85 68 62 3 12
55 11 35 12 2 68 76 61 55 37 32 100 44 0 14 29 39 36 44 63 100 3 78 82 47 40 10 20 25 17 8 69 23 9 10 20 19 63 33 62 49 34 21 66 35 99 20 81 39 45 61 47 25 12 95 85 8 16 90 50 40 39 55 91 79 43 47 93 46 31 26 98 68 2 46 82 5 74 84 67
2 53 24 81 63 44 38 94 79 7 16 32 55 43 16 95 33 6 18 12 98 40 56 29 45 32 37 48 18 77 51 91 67 25 14 74 60 99 85 56 79 67 21 68 10 15 65 37 58 100 89 13 92 10 3 89 7 60 62 55 20 23 93 2 61 13 71 10 92 87 42 86 77 1 0 38 78 50 65 82
7 12 35 32 77 52 29 33 84 57 33 60 24 29 47 48 59 70 27 19 30 69 40 99 67 49 10 42 29 99 37 69 4 73 23 92 89 64 29 96 94 55 47 61 55 99 29 20 99 9 19 12 86 72 69 35 30 50 62 82 40 87 23 81 37 97 65 19 34 36 89 98 99 11 62 68 53 66 21 58
85 49 98 91 35 81 70 47 17 41 63 96 58 53 58 51 42 27 87 56 60 57 72 17 11 90 69 52 46 90 80 88 56 42 82 29 20 5 45 46 34 85 81 23 25 59 49 33 55 78 66 88 29 75 27 20 65 76 85 7 44 71 58 57 25 96 26 26 100 32 79 35 76 31 17 33 99 87 72 98
19 7 43 54 42 85 85 53 67 43 59 77 89 9 28 34 28 16 38 64 42 86 32 82 10 57 67 55 46 69 92 48 99 58 87 23 23 91 95 17 18 10 15 3 17 29 23 95 75 38 64 95 64 31 4 36 46 96 46 69 13 76 35 58 25 42 84 26 32 32 71 70 27 77 39 56 14 39 41 68
16 46 13 77 69 88 34 56 14 42 52 36 24 1 72 64 44 49 41 21 57 0 39 66 78 1 56 77 60 81 43 75 88 37 46 22 49 75 63 3 81 23 58 84 64 28 9 2 73 55 34 61 9 68 30 94 25 72 91 54 70 75 34 59 31 61 74 69 63 54 91 100 65 2 76 71 100 73 79 12
36 83 89 40 3 70 67 98 44 88 43 61 82 16 77 93 20 43 68 14 49 3 58 2 37 62 71 60 73 79 83 99 55 11 64 10 15 0 8 6 23 29 17 88 32 52 73 41 68 15 16 17 22 68 75 82 14 33 81 57 22 4 82 3 2 12 19 56 85 100 49 77 44 46 41 33 92 12 36 83
66 43 76 61 88 16 87 39 22 8 43 69 67 59 61 34 5 91 9 97 96 35 42 32 62 60 43 13 89 27 97 88 40 50 5 88 53 73 13 48 99 72 32 40 84 47 10 16 2 39 50 19 22 78 35 29 20 5 9 42 26 36 99 1 5 48 89 11 25 36 25 23 4 35 73 96 54 66 61 85
33 93 95 90 40 54 58 98 63 43 48 43 17 70 28 17 88 32 1 28 55 5 39 2 38 45 5 86 59 12 21 75 81 31 43 85 17 50 85 1 58 100 66 83 84 5 30 56 11 89 37 42 48 5 65 66 87 54 95 60 55 49 56 60 68 29 5 23 19 70 0 0 6 69 29 77 43 85 64 74
24 14 93 18 18 83 7 27 100 4 23 61 65 17 81 81 46 43 61 88 14 12 14 40 83 59 53 66 8 88 95 2 99 84 88 53 68 12 99 8 4 22 84 84 85 78 32 25 35 92 100 16 86 35 7 81 41 100 33 14 73 50 48 9 15 63 99 44 78 35 91 2 33 71 54 37 16 86 33 60
54 16 47 38 36 15 68 93 51 40 85 65 8 69 64 1 89 31 87 62 27 67 63 83 45 26 26 38 75 17 13 6 89 62 68 19 62 61 19 100 50 82 17 25 19 93 3 96 58 54 20 45 92 22 26 60 74 82 80 77 50 56 85 99 45 90 64 97 82 82 13 76 11 89 0 14 70 89 38 25
34 66 71 13 66 38 14 80 68 36 97 32 49 10 44 100 14 64 41 15 64 26 8 45 59 33 48 63 23 5 56 37 50 74 74 23 68 6 3 43 4 35 22 43 70 59 91 95 17 6 8 46 89 47 77 56 54 98 46 5 53 49 77 42 49 7 21 35 6 26 98 95 46 98 29 29 24 4 34 57
100 20 35 0 57 10 2 60 81 43 16 54 68 74 34 88 54 15 73 99 58 30 59 57 58 10 17 46 56 85 95 58 65 96 75 20 30 20 52 90 82 36 53 70 4 93 78 27 29 37 5 57 2 17 7 40 86 11 80 23 71 68 2 72 7 94 56 36 26 24 6 51 57 24 77 36 31 23 73 50
60 17 16 83 50 96 74 30 75 87 71 99 73 31 62 66 92 28 13 67 43 94 28 8 48 83 70 30 94 25 65 71 20 20 91 88 52 26 46 58 60 73 87 100 48 59 48 70 29 4 73 26 91 52 89 67 3 6 6 52 85 94 76 70 80 60 10 23 73 66 26 34 40 99 29 94 80 76 39 37
61 37 22 26 8 60 82 35 44 17 18 65 76 58 66 16 84 91 55 63 88 83 9 32 68 88 5 37 19 97 69 23 74 27 0 58 5 0 31 99 3 87 66 37 60 4 39 20 71 43 55 30 71 67 85 53 89 70 32 88 2 90 68 69 17 28 84 42 88 60 2 39 75 98 59 27 22 63 67 64
50 9 16 41 31 98 56 32 59 82 57 21 1 75 0 86 22 95 44 37 45 71 70 72 49 84 3 9 27 34 85 69 14 47 17 10 28 17 87 85 100 29 89 18 16 87 66 62 65 26 18 22 37 89 32 75 62 51 66 79 86 33 100 79 53 23 96 91 74 80 87 2 66 87 70 58 71 63 28 22
92 80 24 46 49 12 63 47 1 46 33 90 92 78 59 5 36 53 10 21 17 74 98 30 38 98 2 4 80 25 79 49 62 100 13 98 74 79 50 82 53 50 46 49 51 86 73 39 83 86 61 28 49 64 43 96 55 14 29 50 36 94 63 55 77 96 85 72 75 76 84 88 70 35 17 74 94 92 32 47
28 35 9 40 55 70 54 49 26 85 23 76 26 22 39 97 21 67 84 42 35 22 76 66 29 99 29 2 97 53 2 88 14 46 6 54 81 53 80 29 17 8 94 3 72 44 20 41 35 70 61 62 92 57 42 79 85 95 8 74 45 50 90 59 0 89 8 78 22 92 100 80 24 24 37 50 56 95 14 14
32 41 47 45 37 69 58 97 34 56 86 29 88 97 82 6 22 8 75 92 6 67 4 0 90 56 85 2 49 13 33 67 45 1 93 18 63 84 66 96 13 32 47 19 68 83 95 38 50 82 19 34 18 71 61 89 50 5 19 44 77 50 46 94 3 74 50 83 52 71 57 12 12 76 3 32 92 19 53 21
71 59 85 53 80 58 23 74 73 83 46 69 80 2 74 35 99 75 57 90 87 70 93 55 3 65 21 75 51 88 43 38 1 60 74 56 0 50 65 28 70 22 82 20 91 40 99 26 82 55 74 7 72 78 98 65 74 67 72 19 46 88 53 93 96 81 37 93 45 75 28 44 53 32 57 68 79 93 0 14
23 42 28 40 17 22 45 40 90 65 86 71 20 55 100 16 36 53 60 37 32 4 45 74 11 31 91 56 19 28 71 92 58 91 14 55 66 72 8 12 58 64 20 83 62 98 75 97 27 46 18 80 80 45 28 85 73 63 56 71 17 62 72 15 4 92 59 95 61 7 35 7 58 93 75 32 56 67 94 5
45 72 31 70 97 42 23 62 16 78 38 100 4 77 16 57 41 36 87 78 95 57 10 55 90 36 48 34 6 58 51 43 0 72 19 19 40 14 71 14 29 82 91 1 25 45 30 2 32 60 30 64 64 77 53 12 14 95 41 20 59 95 62 36 70 41 20 69 32 0 15 81 69 68 43 69 31 33 21 98
5 81 89 8 22 31 12 89 92 100 58 63 38 31 53 68 7 53 42 43 35 80 35 54 82 100 77 5 7 18 51 84 74 76 51 45 7 62 92 77 27 86 16 92 92 54 37 39 61 11 24 21 21 34 54 41 68 79 40 77 53 40 84 10 73 97 69 18 25 50 60 37 35 81 87 20 34 90 35 60
37 0 6 39 76 23 56 63 41 30 52 99 15 24 30 43 91 69 99 97 36 83 73 7 63 7 72 44 91 13 76 37 13 60 15 82 92 27 11 11 100 94 63 32 57 58 0 79 93 63 14 94 52 34 4 38 35 95 55 34 16 82 35 29 99 80 50 100 50 91 34 4 63 31 71 43 86 26 65 77
86 5 4 23 42 88 62 86 20 86 35 95 86 56 9 5 2 41 7 36 83 69 28 20 70 31 85 37 66 9 22 13 81 36 30 11 90 31 82 64 11 72 45 89 3 2 79 71 5 56 42 35 82 94 94 68 90 93 77 87 10 89 25 99 63 7 68 2 9 100 15 35 93 9 68 35 84 66 98 87
45 63 63 15 92 39 82 64 46 59 75 7 92 85 65 68 32 31 24 12 97 97 9 61 81 60 65 88 78 95 77 29 18 63 90 94 60 92 32 68 83 17 45 78 53 94 37 44 20 6 60 49 54 4 0 14 84 27 32 51 80 16 77 83 52 34 30 26 33 86 50 13 93 68 55 16 42 22 50 1
78 72 1 99 69 99 69 70 9 30 80 54 79 44 19 0 75 17 5 52 72 20 8 17 50 39 37 43 50 36 87 83 8 82 27 84 50 55 92 54 65 24 81 23 17 85 40 17 11 59 11 9 28 46 76 81 14 84 53 52 12 79 27 34 31 46 5 26 25 33 63 1 98 42 46 6 91 93 26 2
4 97 68 51 27 83 51 84 40 87 64 9 57 73 21 26 23 95 82 51 63 86 17 93 90 32 79 63 99 61 50 39 62 69 31 60 13 100 88 64 46 8 65 1 65 9 3 16 56 77 61 52 53 24 59 71 76 66 30 48 3 87 48 35 77 76 20 64 58 29 98 21 95 6 47 41 23 72 13 33
7 95 33 69 91 28 2 55 80 29 95 84 53 7 26 60 34 30 64 57 28 38 43 62 84 36 100 28 89 57 0 87 30 62 59 61 9 14 91 80 95 10 29 40 62 73 38 16 8 10 46 86 48 26 5 18 6 52 60 33 23 79 98 49 90 73 72 84 15 73 40 87 5 96 73 24 78 49 99 92
55 57 47 19 47 5 17 37 0 85 12 9 68 78 6 77 52 70 87 86 91 56 77 6 4 83 20 98 61 46 38 69 37 67 48 7 8 64 66 7 78 95 51 37 62 91 97 92 46 64 21 50 7 4 13 59 98 41 80 11 54 98 76 23 24 90 50 82 22 5 24 7 0 75 49 87 75 30 4 20
33 58 14 94 44 97 79 89 92 92 21 65 79 68 41 88 18 90 15 54 8 59 31 69 95 45 33 57 16 39 13 48 56 48 96 4 58 100 64 48 88 46 32 57 34 29 47 12 86 63 42 32 80 36 35 83 72 63 95 78 38 57 76 27 97 41 44 88 38 6 70 54 64 44 22 75 49 90 14 84
98 81 51 99 75 84 100 85 85 79 82 66 27 90 30 91 14 85 30 2 47 47 81 30 21 37 14 48 21 88 74 64 96 28 15 67 89 38 22 18 83 1 5 59 67 51 91 89 71 25 64 22 17 47 40 25 11 38 76 36 9 64 9 38 56 32 63 19 59 46 84 12 89 52 23 91 19 53 81 62
67 37 18 77 17 36 18 22 54 62 90 0 2 45 62 62 7 86 33 88 89 69 88 74 66 25 79 35 19 91 91 75 5 54 70 55 94 26 34 44 95 13 66 85 18 73 69 75 12 66 73 47 98 90 15 7 69 80 38 13 50 24 81 65 89 45 8 50 85 36 17 56 63 36 12 46 45 12 16 42
96 64 94 42 26 57 44 53 47 20 86 95 60 35 44 45 80 34 6 37 5 89 88 27 62 15 69 68 7 29 37 90 31 64 42 89 10 22 69 73 53 42 60 12 32 32 34 71 66 77 39 98 67 27 3 18 63 84 5 39 37 66 55 65 9 79 40 92 60 85 10 73 98 58 62 56 53 3 70 51
87 97 15 45 80 79 17 1 74 60 6 9 38 27 41 29 33 61 52 80 10 85 40 90 41 31 69 27 8 73 40 39 83 32 41 90 83 59 68 3 4 75 75 43 84 94 10 95 64 35 34 73 57 93 50 93 94 29 2 46 49 23 65 38 60 18 98 56 54 77 18 3 92 42 98 52 95 76 19 11
7 74 30 71 15 38 33 54 75 16 17 52 45 97 75 47 53 29 59 78 13 22 3 16 53 53 84 84 57 38 27 12 18 5 4 44 57 76 34 22 23 26 91 13 96 81 8 97 91 18 58 61 21 59 98 54 98 37 11 45 14 23 89 39 17 12 46 77 53 30 5 98 72 63 38 81 76 92 14 91
40 70 10 56 1 68 57 75 23 51 42 14 11 42 100 53 94 25 60 27 19 17 39 14 66 16 7 94 9 86 86 87 91 37 48 85 1 75 100 48 70 39 85 81 45 95 9 87 16 19 80 24 98 96 72 48 89 41 88 67 29 71 45 71 8 47 74 38 33 28 98 71 78 76 98 37 88 7 37 42
81 21 24 44 36 97 40 66 62 14 33 6 10 95 8 72 2 67 99 59 98 56 91 62 54 94 32 11 29 9 64 22 69 8 84 24 47 41 24 90 53 54 72 35 88 62 1 22 93 92 21 21 9 7 11 28 31 1 45 51 17 83 93 1 66 69 3 18 39 10 41 35 70 24 67 53 15 68 8 38
28 47 74 39 6 99 64 66 76 4 53 89 38 79 52 10 88 70 49 4 49 50 25 3 38 2 37 100 55 31 16 56 69 5 58 40 23 52 74 37 56 61 40 67 80 74 89 16 7 56 45 43 77 20 29 67 72 54 90 81 57 41 42 53 28 5 38 70 81 8 78 90 74 14 59 61 21 53 19 11
4 62 90 70 66 4 19 70 6 69 1 34 91 89 0 34 29 11 70 19 31 46 100 58 9 47 20 72 33 31 66 19 59 16 47 39 1 26 98 75 73 99 80 70 28 58 57 66 45 70 23 51 44 87 15 42 15 66 28 78 79 2 27 83 15 25 35 36 47 35 90 36 14 69 23 46 55 70 94 76
46 33 11 33 67 83 57 88 6 63 77 75 14 22 61 86 77 16 30 51 93 69 72 51 47 4 16 27 75 57 4 43 45 75 21 22 7 65 15 38 80 73 70 52 61 16 94 60 100 54 94 17 79 18 60 43 10 100 34 12 59 30 62 51 64 33 46 7 10 86 93 91 23 71 1 60 89 22 20 4
