60
1 57 88 15 12 64 27 15 77 89 24 48 90 29 99 94 59 85 80 10 24 77 17 0 16 47 69 82 70 16 82 23 36 2 10 93 82 28 95 4 92 25 42 90 8 81 91 49 50 42 92 17 33 17 29 87 96 39 59 31
74 79 99 98 52 56 3 42 26 45 68 27 87 50 42 87 96 55 24 100 30 16 7 20 48 50 27 57 58 76 36 23 14 82 9 91 55 78 54 91 87 64 53 44 48 64 0 78 51 80 8 73 11 76 31 33 21 60 92 82
79 8 69 23 2 12 43 47 91 84 99 60 41 54 31 89 79 49 11 54 18 1 84 18 6 22 50 88 35 76 43 10 29 16 83 9 90 100 89 71 47 71 28 57 98 30 0 78 86 76 29 9 82 4 83 44 86 9 94 84
100 78 19 7 29 33 77 80 40 88 69 26 5 50 98 29 38 12 33 13 4 42 2 91 33 17 2 23 17 23 58 15 41 8 98 96 9 29 9 14 14 81 86 91 54 89 33 1 38 15 40 87 82 12 28 1 22 28 50 54
67 75 29 96 55 41 14 58 84 50 1 41 87 33 1 67 61 53 84 83 32 42 7 6 34 96 65 31 62 46 23 38 90 37 90 6 36 31 49 85 36 22 1 10 68 42 88 16 32 44 5 84 53 57 33 15 61 8 8 53
55 18 86 86 11 98 15 29 58 2 45 84 62 91 22 51 86 18 89 40 84 15 7 76 16 36 61 73 6 48 44 6 74 32 86 5 63 38 32 99 91 46 34 87 97 46 45 83 3 37 0 30 77 50 62 44 52 23 66 60
98 58 39 23 48 14 92 59 69 9 27 13 90 87 8 42 99 75 48 89 18 82 96 39 9 95 92 66 27 64 17 70 5 73 56 88 15 13 100 53 6 29 79 52 74 50 22 89 40 14 81 57 5 48 91 42 65 62 18 21
9 50 13 75 94 100 17 68 30 98 62 66 57 92 60 90 57 19 99 1 75 94 22 41 62 83 38 17 43 1 17 13 55 52 42 36 23 58 8 21 89 52 63 14 98 87 8 95 33 33 46 43 95 57 49 85 50 56 74 31
54 13 14 74 54 48 97 91 100 53 28 84 53 52 23 85 80 80 64 18 85 32 66 30 70 38 83 66 35 4 93 53 0 50 10 79 70 96 39 96 57 74 32 77 5 40 80 96 20 91 10 58 40 76 53 92 91 58 85 57
68 42 43 28 54 90 34 69 10 77 26 21 50 45 55 84 19 81 96 40 6 81 22 58 51 12 65 38 29 98 4 45 85 17 27 68 67 80 80 91 68 98 47 6 26 33 90 17 79 13 31 59 47 30 81 56 67 88 85 52
15 53 24 19 39 46 98 71 38 46 2 35 66 45 4 45 61 72 40 45 9 6 24 88 45 45 24 100 80 47 28 63 35 10 66 46 26 88 4 15 45 26 89 35 20 16 62 93 64 17 33 70 36 32 58 96 56 51 25 86
74 40 41 74 27 83 7 18 84 50 11 26 10 26 48 25 66 90 46 77 10 14 42 16 67 17 51 97 70 21 39 17 87 93 41 48 100 48 69 3 36 35 38 82 69 27 53 34 66 13 54 31 77 95 74 96 95 21 53 59
31 100 32 10 58 79 95 44 46 60 47 49 74 73 35 5 66 3 36 74 97 72 15 92 93 17 38 60 77 30 11 28 34 54 3 38 67 34 39 66 42 9 9 56 49 45 82 69 44 87 96 92 52 60 0 63 97 100 28 89
73 21 54 61 49 2 11 21 97 9 7 61 27 3 74 82 99 30 71 98 64 25 15 12 71 89 98 15 3 96 3 61 5 6 69 16 91 76 90 63 58 23 49 39 36 69 25 6 74 84 45 42 93 18 13 5 50 71 68 8
84 1 100 57 61 50 100 47 64 56 74 88 34 52 53 43 56 95 57 17 82 36 27 94 53 11 4 100 11 98 16 11 0 75 19 19 48 34 33 11 88 10 0 95 35 22 84 85 19 7 65 11 15 12 42 65 20 0 24 24
22 61 90 88 64 53 33 1 12 97 8 60 6 16 62 0 56 90 4 1 1 13 92 82 58 70 32 6 32 81 16 18 13 79 47 48 100 14 65 24 14 40 99 33 97 60 83 74 36 2 61 99 8 96 83 55 69 50 93 82
97 32 93 40 70 100 20 5 5 57 55 94 65 51 35 13 81 7 75 88 83 11 43 4 34 14 4 71 18 52 53 76 50 60 98 52 55 34 4 84 38 19 61 25 2 55 37 20 13 49 25 56 37 94 85 32 30 67 45 66
98 12 2 95 3 75 78 37 50 22 95 59 91 83 6 86 23 43 20 46 77 19 68 9 87 46 41 12 89 11 90 4 32 48 28 14 16 69 10 67 28 74 29 63 3 81 9 31 88 50 51 39 99 58 56 27 34 11 96 22
76 38 69 87 97 63 13 10 35 91 96 54 27 14 33 60 45 78 44 73 59 85 16 33 45 86 22 25 31 1 11 61 76 68 80 1 72 7 83 87 17 72 64 19 51 94 60 82 66 29 8 25 52 81 32 63 87 29 100 24
38 98 15 20 86 10 2 76 4 70 94 42 46 5 50 16 100 53 11 66 6 13 77 89 57 72 52 67 91 83 98 65 64 92 92 17 92 99 59 22 28 46 49 55 28 25 69 25 29 33 62 46 28 24 39 39 82 44 93 18
21 85 22 23 11 30 42 16 70 6 99 96 93 78 81 37 75 66 38 78 95 77 69 71 88 36 32 0 51 99 1 97 54 45 76 88 91 48 54 35 15 92 5 96 74 58 87 49 63 65 43 33 11 87 32 22 23 91 58 73
10 64 34 82 19 37 31 22 53 51 42 100 90 57 63 67 35 62 69 28 28 31 42 62 46 2 41 34 31 61 7 41 49 89 77 47 69 13 24 68 71 12 55 17 79 57 56 0 58 45 27 87 53 60 0 64 59 16 14 14
85 20 65 88 84 39 22 70 96 17 91 75 96 64 20 30 51 65 94 45 5 29 42 37 62 78 45 33 22 62 47 44 45 32 1 55 11 81 88 80 55 54 72 63 27 23 21 51 25 55 44 21 39 29 30 55 31 59 50 72
14 65 93 44 71 50 71 25 97 67 5 21 79 45 31 56 94 93 79 10 5 59 79 11 20 54 8 26 75 54 78 46 69 16 84 71 35 65 73 61 97 38 59 4 88 25 75 13 44 22 40 54 52 29 33 98 56 15 76 15
79 2 90 80 20 53 12 33 47 74 32 94 59 2 72 65 74 89 11 90 54 29 62 19 82 35 64 38 69 69 23 33 14 72 35 94 42 0 16 64 29 26 26 7 75 51 69 65 85 46 22 45 11 81 43 42 99 57 66 39
31 23 23 77 24 51 16 56 30 32 99 31 53 94 75 67 25 76 10 3 53 18 55 91 30 32 70 22 57 4 25 11 15 39 75 69 32 10 27 83 22 23 77 9 26 61 55 70 44 89 69 24 78 98 80 94 99 85 55 58
90 28 52 37 59 96 3 1 3 8 15 77 3 38 32 32 58 33 89 51 88 78 92 57 21 100 34 45 89 48 91 59 9 24 13 72 7 4 91 83 13 83 47 68 92 2 52 21 86 26 95 67 74 87 49 26 23 71 66 35
82 95 26 23 46 0 7 26 97 89 39 97 86 20 48 5 0 7 77 23 49 95 70 4 84 11 27 48 96 37 32 76 2 88 57 49 79 66 57 76 54 31 78 30 79 66 18 9 8 73 74 35 97 81 34 91 4 93 45 79
12 56 12 97 93 4 87 10 35 32 42 61 48 92 12 44 27 58 69 49 97 84 97 30 20 81 98 96 72 12 44 81 11 5 79 88 59 63 95 32 1 26 20 85 66 54 77 20 55 32 21 49 18 31 61 71 98 70 89 28
26 2 2 34 48 10 97 40 21 96 69 75 86 13 80 82 78 73 86 20 9 3 8 2 67 38 100 7 40 98 64 17 21 62 60 16 95 73 24 85 13 20 30 86 59 68 68 53 77 73 3 73 93 75 80 13 24 77 77 27
66 88 69 61 89 80 55 56 34 4 52 44 22 7 23 7 76 14 79 63 18 5 29 89 5 60 79 7 29 49 91 46 54 2 82 64 56 37 69 1 35 22 32 28 39 79 68 7 20 13 55 41 19 66 37 60 31 7 23 1
72 38 36 48 13 99 62 84 40 61 42 71 40 57 2 58 73 45 89 44 95 46 57 82 5 53 38 86 74 100 19 67 94 73 11 18 8 57 37 66 32 41 44 52 74 72 87 22 95 9 53 62 84 41 72 68 7 87 25 81
17 90 82 92 32 86 99 60 31 11 97 56 30 80 3 90 20 57 47 40 34 95 62 82 42 95 31 10 68 36 80 72 71 13 9 36 92 71 33 95 84 13 61 27 2 95 56 39 34 18 78 52 36 48 74 89 60 27 70 88
44 68 57 56 97 41 81 39 1 10 40 53 24 45 21 95 2 25 20 64 84 20 17 40 13 77 42 31 88 36 91 93 41 63 36 94 66 52 63 98 75 77 21 44 39 49 62 1 56 30 86 33 77 56 70 80 52 32 72 50
29 59 5 12 81 79 60 96 79 32 42 46 54 32 82 80 80 4 59 56 80 35 46 33 19 75 76 70 42 84 94 33 0 88 78 36 8 38 94 95 98 81 3 1 4 19 51 4 79 28 4 78 70 11 21 21 88 37 0 91
32 55 18 53 82 96 37 11 25 19 87 13 65 76 29 28 5 47 51 5 98 61 51 48 61 33 24 92 59 23 91 95 97 33 26 39 95 18 94 17 31 72 39 32 73 49 29 35 48 24 5 27 6 23 99 64 12 81 4 22
2 11 50 9 20 83 10 53 6 17 88 73 62 24 43 22 37 95 58 37 76 83 73 71 46 67 81 66 42 91 49 15 93 40 31 99 88 5 54 13 24 68 75 51 86 55 2 60 39 29 22 58 43 13 49 24 89 34 86 21
86 55 54 0 56 46 69 49 24 98 100 57 56 53 25 45 56 17 82 57 59 69 5 96 100 19 93 74 58 14 2 28 5 28 92 1 84 6 53 37 15 77 31 9 50 69 55 62 20 76 45 12 7 81 0 26 81 35 81 90
38 24 1 75 78 74 59 3 85 22 88 17 66 36 45 1 0 17 89 15 29 98 11 33 3 40 49 3 12 44 15 53 39 91 100 33 86 86 22 93 72 23 72 25 42 68 49 38 73 29 67 43 29 48 39 6 38 86 81 82
17 30 27 90 14 35 71 78 13 94 46 19 41 93 21 65 0 94 97 9 92 37 92 73 64 55 64 51 7 36 83 26 90 13 95 7 78 49 20 10 52 18 59 23 33 87 71 35 66 84 69 2 37 43 97 72 13 54 66 33
77 38 23 78 8 74 85 48 54 19 11 13 32 15 96 15 21 60 27 60 81 53 88 59 21 60 65 9 8 83 37 28 41 97 29 35 7 95 39 23 47 10 18 25 45 82 57 78 98 99 59 13 53 32 69 67 96 84 78 55
47 14 75 41 83 59 35 91 65 45 19 85 85 26 96 99 23 30 62 92 46 12 61 47 32 96 33 45 86 79 4 87 12 0 34 6 100 97 70 71 40 81 100 9 12 44 80 25 59 49 77 81 68 22 71 25 50 69 58 65
45 74 31 21 46 6 74 78 39 45 5 20 30 6 4 26 20 60 43 77 59 62 70 33 89 70 96 87 93 85 78 6 26 70 2 22 85 47 61 84 76 31 87 26 59 44 69 33 87 6 40 88 78 16 53 82 23 92 100 44
84 19 73 22 80 42 88 85 50 28 74 89 11 33 100 18 68 41 41 5 86 30 27 3 25 63 9 69 27 64 52 55 72 57 32 68 88 63 13 100 6 27 99 62 32 74 42 54 43 70 75 5 86 63 42 1 7 3 68 8
83 21 68 10 2 98 99 75 52 17 33 54 48 100 15 64 50 67 32 95 79 94 3 83 22 59 59 54 93 88 94 85 41 38 32 70 67 95 26 15 4 12 23 28 88 54 92 61 8 13 32 91 11 57 66 41 51 28 47 2
41 51 65 76 39 32 98 18 100 62 64 29 85 8 39 18 67 85 52 2 8 31 87 28 49 29 72 84 16 38 69 59 14 87 42 24 48 60 85 74 48 54 3 95 68 45 46 17 68 71 92 39 66 24 68 3 5 76 20 45
49 29 93 50 99 58 46 33 49 76 62 47 80 11 72 64 7 5 19 82 54 100 27 35 4 11 73 73 48 55 36 67 80 27 46 89 100 75 39 11 62 12 54 51 44 43 86 82 49 32 64 78 87 68 39 96 74 37 67 87
57 62 88 56 47 84 58 14 5 21 30 40 15 29 28 16 43 15 43 66 26 73 4 31 95 96 45 13 96 16 4 81 9 40 31 54 4 38 86 40 100 82 84 1 87 87 13 80 38 35 63 98 20 57 64 79 57 41 71 31
88 86 54 3 76 83 22 82 49 60 16 30 23 43 69 42 1 100 100 43 61 63 30 64 77 74 99 7 51 64 83 73 33 53 80 33 69 76 70 43 19 82 68 29 21 67 27 6 84 37 95 96 93 96 40 33 38 68 90 10
36 51 56 45 12 35 30 24 28 45 21 52 46 93 61 18 99 43 17 87 47 12 74 88 67 0 22 73 22 97 94 11 97 91 70 89 92 10 77 53 85 76 42 95 19 69 5 53 12 0 8 57 85 77 15 62 95 73 80 47
67 17 56 46 76 81 65 28 98 26 90 67 73 43 3 60 83 71 14 89 50 32 96 13 10 73 57 21 73 0 29 40 12 27 32 11 54 47 72 21 3 0 49 34 66 13 72 56 86 93 55 22 19 3 1 5 92 19 79 34
24 2 7 99 75 33 9 69 99 91 33 76 54 21 50 39 97 63 21 43 43 38 53 77 99 43 16 96 79 90 39 66 24 83 20 4 49 14 14 71 77 17 27 21 88 92 60 31 38 76 49 18 23 30 21 50 87 13 9 41
62 7 5 77 61 92 74 34 60 99 85 29 36 49 6 61 84 39 2 16 42 61 44 29 100 37 41 96 82 66 24 49 42 25 40 26 22 6 99 94 43 35 91 26 7 52 55 89 39 4 5 62 71 100 1 83 1 98 4 58
70 12 80 95 89 93 38 89 28 43 18 2 9 48 78 60 47 9 77 89 29 55 28 18 30 20 42 55 64 7 3 87 7 70 11 44 89 90 81 4 99 80 87 88 8 71 3 40 24 68 24 8 99 21 73 46 5 2 37 49
22 50 73 42 88 69 96 11 72 52 71 64 10 2 28 49 40 46 58 6 35 74 77 21 59 18 51 18 85 50 31 13 45 95 74 72 93 58 8 94 97 36 3 28 75 84 23 88 74 2 58 54 25 69 19 56 52 52 24 89
68 2 26 21 29 93 1 82 86 86 7 5 70 93 15 13 20 33 84 97 78 24 41 68 17 2 11 99 10 79 66 68 68 13 76 23 59 92 3 93 24 7 69 49 17 66 59 60 69 22 26 84 61 55 70 84 48 100 76 57
93 58 4 9 28 98 56 50 47 16 4 72 17 58 81 13 90 73 52 77 68 68 53 86 94 84 0 71 55 97 90 6 35 61 76 57 10 65 6 58 52 7 52 9 47 14 62 63 76 60 35 57 41 97 18 68 55 11 100 58
94 81 6 71 51 3 52 37 83 78 73 26 20 99 30 34 26 30 17 27 81 49 26 36 95 81 49 48 58 5 15 84 18 71 4 27 73 39 100 0 27 7 8 56 53 94 38 69 19 32 52 29 91 66 47 5 56 75 9 68
50 79 47 51 84 60 100 37 92 83 43 12 79 56 28 7 51 34 22 56 65 4 61 18 61 44 60 90 67 42 38 62 87 83 81 96 66 7 54 46 1 25 6 70 94 9 95 35 17 81 73 72 47 78 2 15 25 95 77 67
67 49 23 84 37 7 90 4 60 36 34 85 71 2 15 4 50 91 22 33 14 5 61 67 74 85 48 14 88 65 79 22 80 42 68 15 29 55 50 75 46 94 96 33 60 18 24 83 11 55 25 34 74 90 36 54 56 41 11 89
