70
82 23 81 75 15 50 16 2 43 52 21 28 1 43 48 73 82 6 79 28 42 72 92 68 26 78 87 98 100 3 25 81 91 29 34 15 2 69 97 57 95 76 66 0 93 20 50 66 71 0 45 64 81 87 27 50 50 57 24 7 10 52 14 5 67 69 49 42 81 29
78 72 31 20 88 49 33 44 46 52 97 44 49 27 29 37 36 23 97 75 88 46 33 3 0 98 51 41 70 52 0 73 80 91 29 17 44 20 49 49 41 24 67 17 20 80 12 81 80 100 91 28 63 77 87 62 82 60 67 79 44 4 36 20 100 37 30 63 96 22
24 2 41 47 11 38 25 90 45 14 30 13 14 10 55 30 23 73 6 22 79 2 41 4 63 21 40 98 37 99 74 57 39 34 37 48 91 90 45 69 67 12 47 71 62 59 35 49 0 61 96 5 96 50 94 37 81 27 73 12 65 60 39 82 19 80 72 94 24 90
90 45 39 53 22 73 1 76 62 76 10 44 67 19 97 95 27 17 95 69 23 15 30 38 0 99 56 70 43 32 14 55 44 95 4 23 75 13 56 35 10 62 83 59 16 22 70 64 55 19 9 59 4 49 69 52 37 67 83 42 39 64 82 5 66 56 27 89 59 16
51 69 5 63 2 30 35 11 47 35 98 84 5 37 77 50 100 70 84 22 64 31 79 84 94 64 46 23 56 97 9 85 61 44 93 81 15 26 98 64 8 11 98 44 86 14 54 18 67 40 17 70 100 46 73 35 78 40 99 31 27 64 46 17 21 30 22 84 23 89
87 36 54 6 75 58 24 81 50 97 19 42 96 67 54 85 8 46 17 76 85 39 2 69 44 8 79 93 32 9 82 14 48 20 49 71 9 6 37 94 66 14 50 49 32 37 6 56 46 30 52 69 30 94 34 15 33 0 53 6 83 93 50 64 23 84 76 38 69 40
41 2 21 16 84 48 74 0 85 58 72 60 55 27 54 97 64 66 47 38 66 49 2 19 45 86 22 10 38 3 4 93 79 1 43 63 5 22 27 76 68 6 5 47 56 54 49 71 66 82 16 93 48 30 80 96 93 67 89 92 70 60 9 94 30 68 72 31 41 66
93 94 64 18 40 24 90 10 6 86 8 60 62 17 50 95 18 16 29 40 38 2 68 97 91 73 94 63 39 38 31 29 83 14 4 12 61 78 30 40 94 18 43 27 90 37 72 93 38 43 46 17 83 55 61 55 46 20 0 16 47 62 0 41 51 85 51 44 83 2
66 40 70 30 50 95 17 10 58 49 42 41 92 65 89 25 59 20 60 8 60 34 35 30 86 38 70 95 60 92 47 32 48 23 93 88 16 35 42 9 23 92 40 78 34 31 27 24 57 1 82 22 63 0 47 97 33 27 7 8 27 38 98 3 67 23 23 96 48 39
92 19 28 84 33 85 65 94 16 75 98 28 7 11 42 49 71 85 3 35 44 80 81 78 82 35 89 50 85 15 19 26 35 83 23 9 56 86 46 55 12 23 12 93 73 24 35 3 8 82 33 76 92 19 26 96 75 39 31 44 40 98 17 100 77 3 23 85 60 36
73 48 46 32 96 53 52 73 19 65 24 19 7 98 98 79 0 17 29 54 89 25 44 58 61 46 24 94 58 83 96 47 89 18 50 28 92 75 74 74 92 66 17 29 55 97 74 24 89 25 88 55 18 92 74 34 62 21 49 53 61 50 58 29 78 83 70 46 9 18
4 90 43 83 64 72 43 65 11 68 19 81 38 48 39 38 96 23 96 85 98 100 100 15 3 46 46 17 40 47 94 79 28 60 11 3 100 96 39 87 49 90 26 78 80 42 77 13 12 25 64 86 59 13 98 56 64 72 71 2 60 71 1 83 35 23 35 17 54 92
72 60 11 27 23 18 88 20 81 71 66 21 6 44 90 18 69 4 64 49 88 64 8 76 64 37 4 2 36 9 99 42 100 91 11 93 7 61 53 71 81 23 93 98 56 50 51 76 97 59 29 71 24 66 29 43 97 17 11 76 28 57 80 35 73 33 92 54 22 98
86 71 9 36 0 95 5 88 34 32 41 83 2 76 89 60 38 90 66 75 3 77 49 28 56 83 20 16 73 21 40 20 80 30 27 34 16 69 9 50 54 76 64 39 78 31 43 72 0 4 23 15 82 62 26 47 82 47 25 22 69 25 62 68 5 40 47 48 76 15
22 32 56 2 55 51 52 13 21 53 28 1 30 89 34 50 12 9 11 77 68 85 81 33 52 90 50 15 97 96 56 54 5 23 49 9 44 32 82 97 40 14 0 78 8 95 14 39 54 100 22 53 37 81 23 11 88 46 12 85 92 57 60 73 60 99 46 81 54 62
22 8 60 43 84 45 35 36 18 63 68 14 87 15 67 68 46 98 29 33 25 13 59 82 34 0 92 30 44 77 39 31 65 6 53 46 15 11 21 93 61 10 69 49 3 62 92 49 26 27 69 69 89 10 36 66 21 41 86 2 32 77 69 5 80 45 43 66 30 18
49 22 45 28 25 60 18 58 29 88 82 93 49 53 99 81 24 74 54 19 50 33 75 66 99 69 91 84 75 73 12 43 98 19 96 23 26 33 19 66 94 42 86 32 15 69 47 16 5 25 83 85 20 17 58 40 39 78 73 58 19 46 72 32 69 30 31 10 43 88
4 79 64 46 62 11 76 94 44 68 96 55 41 15 47 48 25 7 31 84 54 30 36 54 94 21 90 32 20 23 20 92 44 80 57 94 40 77 31 41 55 4 72 18 39 80 82 79 80 78 74 63 83 46 31 92 71 43 52 100 67 76 85 83 91 75 71 39 71 61
6 83 71 18 41 51 97 8 35 20 70 83 60 99 88 16 70 27 58 12 86 8 62 7 6 73 20 96 54 53 11 75 47 79 44 56 87 29 19 15 71 18 64 34 60 17 44 32 22 33 49 89 33 56 44 72 17 94 54 71 25 56 29 18 82 86 55 13 43 90
92 56 96 71 38 43 92 3 82 80 42 62 34 36 93 2 68 12 22 19 56 64 52 5 31 100 59 12 32 57 0 49 99 33 61 6 36 80 74 89 68 33 92 91 4 59 43 86 13 49 46 29 33 30 28 83 37 2 14 53 36 70 95 28 9 35 23 65 32 23
50 45 58 60 82 91 53 51 62 34 81 29 14 17 36 88 28 57 44 37 89 42 11 17 13 74 10 95 90 79 91 63 100 28 93 43 52 54 32 22 91 68 12 11 78 69 69 79 48 42 43 16 92 76 20 1 41 89 99 94 66 19 71 26 10 44 25 19 17 15
86 69 83 46 72 98 96 77 80 5 94 93 39 61 96 82 33 17 11 56 57 17 25 19 40 19 83 93 70 58 47 97 32 97 41 60 28 72 54 54 4 9 57 90 77 86 80 60 100 30 43 40 66 28 14 17 65 95 70 30 43 24 60 82 87 82 94 79 15 27
90 74 71 23 20 21 47 73 65 64 87 99 79 58 24 65 15 18 45 54 15 49 90 76 71 64 79 73 2 0 58 15 36 36 40 48 87 54 95 3 78 20 83 93 87 47 12 2 17 46 13 40 90 5 16 2 4 75 75 9 1 95 87 44 0 90 28 85 5 9
61 19 76 88 38 93 60 62 64 4 98 0 89 74 77 55 63 18 63 89 55 67 11 84 83 87 38 63 28 27 26 42 94 12 39 92 32 50 16 100 35 5 12 1 42 85 95 13 50 100 61 71 81 25 83 28 87 81 62 5 51 4 45 94 30 30 71 90 49 31
27 96 87 75 56 71 37 4 45 59 51 9 27 62 57 100 87 14 44 72 64 48 59 35 38 48 66 15 38 54 18 34 4 9 95 3 48 2 57 92 51 70 62 59 84 61 15 69 48 15 25 39 20 42 46 43 23 15 93 50 100 72 67 48 18 92 18 62 5 87
70 9 96 100 51 19 93 36 34 51 54 56 13 39 21 71 7 60 54 3 42 61 13 25 57 91 28 19 47 55 29 69 46 46 8 79 21 11 21 77 60 81 86 47 74 74 12 34 14 35 53 64 30 29 50 82 3 86 74 39 51 22 79 68 86 75 20 56 28 92
10 41 56 73 77 100 4 92 81 81 46 12 79 98 85 27 82 22 94 22 2 58 49 98 6 16 58 100 65 14 100 62 32 7 20 48 12 74 35 30 0 77 45 94 86 37 85 75 57 26 57 98 98 48 28 20 55 33 32 85 27 81 59 45 71 49 95 82 11 44
34 46 47 95 16 72 55 94 35 20 93 49 86 100 71 26 6 46 31 83 20 61 80 91 24 41 46 92 44 53 8 11 94 53 2 93 59 73 81 13 5 87 95 0 87 9 49 10 23 33 4 99 57 70 25 81 51 1 51 19 23 9 56 12 46 36 54 38 35 68
48 52 32 98 45 52 79 5 24 57 96 0 52 26 32 12 80 90 27 9 91 80 11 0 61 74 4 47 48 5 60 13 16 34 89 24 77 28 65 12 11 67 59 34 37 24 43 32 95 29 17 88 54 31 49 83 53 46 77 43 80 10 100 11 60 97 46 8 60 67
40 87 2 96 50 85 8 51 46 39 24 7 88 96 37 12 13 63 3 82 80 85 47 64 11 66 13 99 70 4 23 78 61 20 95 66 0 39 96 43 31 28 87 89 81 90 71 58 14 31 26 14 29 43 71 84 27 5 34 39 27 62 4 34 74 25 39 70 93 93
72 9 56 0 91 44 63 21 46 90 63 50 52 16 59 36 58 26 42 96 84 6 58 28 47 12 55 68 68 83 2 22 35 58 63 14 8 69 36 39 73 21 74 88 99 75 100 15 49 28 17 80 19 86 85 68 27 22 37 80 94 55 50 87 59 39 98 9 40 65
30 89 64 78 82 69 55 7 13 78 91 91 70 39 95 22 2 82 21 48 55 2 59 22 71 52 40 52 51 11 83 23 69 88 10 79 80 23 34 32 38 40 42 35 36 23 7 11 57 76 30 28 18 95 78 45 38 62 59 52 57 37 24 95 93 88 56 57 84 41
86 69 74 13 54 92 95 21 79 19 4 44 86 54 24 92 40 21 38 37 15 22 31 2 57 51 15 96 94 78 37 78 80 12 98 24 38 91 30 9 45 99 68 29 98 50 30 45 12 20 24 35 33 12 41 31 74 74 50 98 60 13 50 60 33 49 62 53 64 42
23 9 65 22 23 75 86 78 59 64 55 21 85 95 53 40 19 98 52 40 65 8 53 100 92 30 57 12 5 86 11 5 26 45 20 20 83 15 3 77 46 5 0 2 85 4 74 6 94 35 8 67 85 14 53 30 72 97 48 20 44 34 76 0 94 49 22 27 38 51
17 8 83 74 98 0 21 78 43 89 1 60 45 27 15 6 57 50 36 47 24 22 70 15 43 71 97 18 72 33 64 2 77 19 30 35 58 97 34 100 36 47 71 23 58 35 33 28 88 29 70 10 29 1 62 13 15 16 64 9 11 39 64 63 45 10 61 74 19 96
67 39 38 36 26 66 68 76 62 59 45 26 30 62 39 12 92 11 49 66 93 14 10 77 38 75 51 16 19 46 9 88 10 6 64 34 87 99 16 70 91 94 6 62 59 52 21 91 66 53 88 6 72 69 46 91 40 67 8 60 100 68 70 4 70 3 42 0 95 19
81 55 39 47 0 34 29 72 17 77 25 46 61 97 27 34 9 25 96 14 44 48 14 48 33 99 44 12 49 69 4 87 77 14 5 98 29 15 75 40 95 71 98 25 15 88 27 60 45 71 48 63 85 30 70 0 22 90 79 40 10 84 16 100 19 100 0 62 67 35
94 94 77 37 64 38 43 52 82 14 98 82 98 38 38 0 100 49 16 26 4 49 26 52 45 20 77 1 80 73 77 95 79 26 46 3 42 23 31 9 50 48 72 5 9 2 77 70 54 30 47 68 58 21 78 0 86 25 74 69 18 11 84 45 15 41 71 23 8 78
55 25 26 31 43 75 72 81 39 76 65 95 88 1 45 40 39 35 28 77 58 55 72 18 31 13 54 7 3 23 49 50 17 72 23 59 5 70 54 23 46 61 62 41 81 84 15 72 34 98 35 44 25 11 85 10 79 59 47 95 11 80 69 41 11 40 34 25 89 33
7 90 56 16 3 19 36 28 73 30 26 46 79 65 49 21 45 2 46 40 16 83 27 61 33 81 48 81 15 15 76 21 22 96 37 9 63 41 52 53 12 90 70 48 71 58 62 60 47 4 97 46 93 50 8 4 22 46 35 12 80 36 62 69 94 93 74 89 49 75
88 88 9 43 6 89 82 26 53 83 71 88 8 67 81 31 30 14 85 18 98 67 31 30 29 58 52 53 80 38 76 77 51 88 73 14 77 73 54 54 54 67 81 14 79 75 77 27 86 50 34 24 17 46 58 98 61 77 39 14 83 90 80 39 21 51 10 66 67 83
51 16 1 12 13 99 59 98 60 87 12 39 27 29 34 39 72 40 71 37 31 96 5 34 93 17 33 86 80 8 38 78 47 81 47 89 80 54 23 84 59 23 30 83 76 17 27 56 71 100 12 44 68 21 46 46 23 44 67 10 63 73 47 59 29 37 37 26 21 83
49 87 66 25 44 50 3 91 13 79 2 27 100 57 19 21 32 8 68 21 91 17 92 67 45 81 5 52 1 89 100 72 14 17 12 76 30 39 99 63 24 89 2 2 72 23 95 82 10 93 19 20 62 30 65 3 20 5 84 51 99 12 13 26 53 50 44 47 56 70
30 86 36 30 100 95 71 50 59 36 79 51 64 83 71 54 18 35 35 64 31 27 58 19 45 24 5 25 81 49 7 21 30 22 75 74 83 98 36 16 79 30 91 23 92 97 100 69 59 77 53 49 6 71 40 50 2 25 59 94 14 21 38 50 17 90 96 72 48 15
83 77 48 36 27 79 61 94 5 49 27 58 85 13 34 92 18 60 98 32 98 88 88 18 95 61 2 99 46 66 76 50 89 96 4 65 65 82 98 74 65 30 37 59 77 49 58 33 67 97 55 22 23 46 85 5 5 63 94 74 80 32 29 11 94 63 85 43 80 69
22 90 50 67 74 75 76 56 81 85 17 23 75 20 89 35 52 26 51 62 97 92 65 50 100 92 61 2 43 3 98 23 98 90 16 92 78 66 30 67 9 22 66 45 4 56 19 55 37 54 8 61 26 78 32 52 1 16 41 34 100 21 73 56 19 18 55 9 43 50
72 40 51 82 69 48 95 3 26 96 70 45 49 24 57 17 19 25 20 62 9 22 43 31 53 39 59 37 79 96 39 39 10 97 95 34 63 52 34 36 50 48 18 18 69 40 6 19 38 96 50 32 97 69 25 46 39 38 45 70 60 87 4 63 93 28 2 5 92 36
74 90 52 31 99 0 38 69 30 15 51 47 93 66 62 80 35 66 6 27 31 81 50 55 12 73 57 87 19 0 57 13 51 33 94 86 28 34 0 65 27 63 53 89 96 58 11 30 21 75 78 32 33 36 98 22 70 72 55 12 78 25 47 80 87 13 84 5 89 84
93 75 21 7 36 57 91 76 51 97 56 31 12 22 95 15 99 38 21 77 25 58 41 34 17 6 56 73 76 40 95 5 14 11 0 99 48 0 7 94 84 16 41 31 25 96 89 28 79 9 45 44 26 60 48 79 57 12 66 2 71 14 87 2 46 78 46 8 88 21
35 69 74 44 84 63 58 1 65 12 31 41 86 54 50 65 89 68 78 11 0 75 1 80 21 3 69 37 67 96 66 79 62 11 96 28 83 98 85 28 14 49 28 14 8 42 71 73 32 95 54 1 81 87 94 30 15 29 37 59 83 41 34 57 52 43 43 35 27 55
73 77 46 61 10 93 31 3 18 58 6 16 85 45 2 10 18 26 56 33 81 37 33 58 92 87 55 55 65 66 61 62 38 99 26 100 32 34 83 31 63 30 72 15 57 15 80 24 23 61 30 51 91 20 4 85 36 72 38 42 86 73 27 12 16 27 28 60 34 88
50 61 4 57 69 56 76 54 84 54 34 94 52 86 0 16 72 93 26 100 50 19 100 35 41 2 27 86 34 53 99 79 97 80 95 7 19 37 80 32 15 50 49 45 97 71 70 6 55 28 7 32 74 84 9 20 43 42 38 82 100 33 2 76 26 28 67 60 57 70
29 13 65 79 49 10 74 30 51 17 17 84 85 89 92 21 47 9 79 90 90 86 6 8 79 76 16 53 69 36 34 90 66 41 6 70 0 39 40 61 43 8 90 2 74 55 92 58 24 96 56 51 35 23 38 6 23 75 46 10 24 29 34 7 30 93 82 5 84 8
90 66 92 16 38 47 33 47 4 49 86 33 30 36 10 85 12 43 88 41 17 5 20 59 91 85 54 58 39 49 33 56 7 52 84 32 63 57 3 91 30 0 39 16 43 53 57 2 21 80 6 54 71 93 48 3 14 96 84 60 86 84 14 42 22 39 63 85 74 29
70 59 3 90 49 31 14 17 76 46 44 65 82 65 68 69 89 13 74 35 68 86 71 31 34 58 92 46 77 22 41 33 55 4 79 100 34 32 35 98 47 39 71 31 82 65 96 60 69 28 44 34 68 81 29 63 54 48 63 84 97 74 60 15 72 18 63 13 68 15
19 32 45 95 90 4 94 7 89 95 78 31 54 97 54 75 60 100 15 30 33 91 2 30 61 86 27 33 92 16 13 10 30 100 2 11 44 75 81 21 8 70 35 3 5 9 14 41 73 59 93 100 91 55 89 18 60 12 91 60 9 100 96 46 49 42 61 20 71 79
26 66 90 38 24 55 45 52 25 41 28 28 18 7 47 94 55 90 12 78 16 88 85 96 35 6 97 47 81 9 56 55 22 39 13 75 9 15 69 83 94 4 35 72 66 74 55 20 36 51 66 9 19 68 81 29 65 35 43 35 84 92 92 16 0 66 4 40 36 75
15 32 63 44 35 83 21 72 89 92 75 0 79 75 78 31 23 40 13 61 75 92 10 84 98 100 50 88 88 68 87 79 4 48 13 42 53 4 98 88 72 26 42 21 57 35 89 98 80 51 57 80 53 28 36 71 11 13 11 15 75 63 31 96 63 86 4 33 38 27
59 59 55 19 91 71 62 5 4 75 32 62 2 30 85 46 12 61 16 18 90 31 99 48 87 5 74 68 38 82 23 29 78 17 61 15 22 92 45 93 37 33 5 26 74 77 63 50 65 8 78 56 83 99 61 62 18 71 89 22 33 3 35 91 92 39 88 86 33 55
72 97 37 8 23 54 16 24 17 55 96 53 27 32 48 34 54 70 33 1 53 45 5 12 41 17 75 5 61 30 55 22 64 5 17 36 97 83 42 84 100 23 15 94 27 73 47 92 53 73 16 88 72 21 86 54 93 62 14 58 77 50 25 74 31 58 43 87 20 23
19 33 29 33 16 96 42 53 96 33 76 79 30 32 36 37 26 0 37 74 36 24 13 57 75 15 66 16 44 87 62 98 0 68 88 7 68 6 46 56 22 10 36 52 55 33 86 1 7 84 40 24 26 5 57 46 45 40 3 69 44 66 45 88 73 57 91 79 48 13
57 74 49 43 74 98 47 99 23 20 97 58 47 86 98 51 71 13 45 83 85 58 10 86 89 87 23 28 72 93 55 3 19 5 77 86 24 59 20 5 15 46 81 93 42 69 62 23 52 23 80 17 71 84 36 83 87 41 99 28 81 70 92 3 90 3 3 61 100 57
58 28 85 83 85 64 27 86 3 7 23 53 96 63 24 16 55 62 70 28 91 65 11 14 37 95 33 7 57 79 84 100 97 92 74 84 72 3 8 99 40 48 26 37 72 1 50 75 54 22 27 0 42 81 50 20 2 1 90 9 57 86 35 80 60 77 1 1 96 22
38 43 12 35 98 9 51 37 67 21 100 43 6 97 75 12 5 23 93 64 64 14 52 78 43 4 93 55 83 35 53 42 59 9 93 29 32 57 57 22 21 25 90 87 44 46 64 1 31 95 21 32 74 9 39 25 70 61 63 50 65 68 100 55 11 16 90 80 6 17
36 80 33 24 8 12 71 42 83 33 71 80 96 20 28 53 66 53 46 33 54 56 42 16 59 96 1 50 93 67 80 61 99 39 98 21 38 89 35 64 74 2 58 75 56 76 13 40 25 50 77 52 25 23 6 73 92 97 3 83 29 57 77 85 8 77 27 80 92 37
52 95 50 88 7 64 27 27 16 48 56 15 22 10 89 2 16 23 54 25 57 44 92 12 31 40 41 41 32 21 95 8 92 91 29 91 20 47 73 51 51 20 73 73 92 20 49 63 5 78 27 9 98 78 41 6 38 25 34 71 90 30 87 8 66 32 12 65 98 70
20 82 75 13 80 90 78 54 41 64 45 59 1 17 2 20 83 63 17 77 1 99 83 45 26 11 35 80 21 53 80 68 9 97 71 59 13 12 52 13 71 4 58 47 8 45 79 58 38 24 3 81 84 89 71 20 6 75 50 33 88 80 41 66 58 66 14 31 67 91
63 51 14 14 20 61 69 22 99 59 8 98 60 100 7 25 18 59 79 80 10 23 58 43 59 100 13 65 63 87 27 65 38 35 41 54 63 2 38 44 38 62 74 89 22 26 74 67 70 51 48 52 46 27 99 26 85 44 32 2 60 12 18 41 76 72 30 82 38 58
37 31 13 46 1 19 16 22 35 18 95 26 56 82 92 47 33 20 94 59 83 28 57 90 67 76 94 55 81 61 13 17 56 40 53 17 75 82 12 44 78 55 41 20 48 13 3 87 0 67 44 12 9 9 8 35 50 28 98 17 86 94 78 54 19 97 50 11 77 43
64 35 64 81 7 66 55 80 26 2 91 59 46 62 33 65 100 32 55 59 82 43 77 72 89 16 80 44 13 73 79 28 43 62 74 42 11 42 85 78 46 21 9 95 10 63 80 62 17 93 29 63 2 66 30 2 5 99 12 46 43 24 81 31 38 10 50 20 21 20
