50
89 57 87 98 41 47 59 48 92 75 63 99 97 44 54 14 15 69 96 61 55 27 97 37 87 55 68 80 61 53 47 67 74 21 32 39 27 11 13 25 48 26 63 68 93 26 53 79 14 7
14 6 27 39 77 71 7 39 80 25 86 13 34 51 43 98 4 70 60 98 32 94 43 54 87 22 40 99 82 31 99 40 74 29 63 98 50 94 43 4 44 37 13 3 76 85 38 42 22 51
21 9 62 99 82 94 28 64 7 11 90 8 13 54 94 56 25 11 24 7 15 29 34 67 45 0 82 49 48 94 84 57 88 96 22 81 58 93 20 43 56 46 60 65 93 32 82 33 29 68
79 62 18 62 80 49 40 76 8 75 10 99 96 54 71 86 14 34 30 75 42 7 98 91 91 3 54 59 41 92 86 31 42 91 1 70 77 41 1 40 87 80 15 51 72 25 94 79 7 60
79 17 64 16 38 43 66 35 49 32 14 18 74 71 80 90 82 40 73 1 75 47 60 48 54 89 60 93 21 17 13 15 44 41 24 54 14 13 28 73 48 84 73 44 91 44 71 27 50 23
71 95 69 46 84 94 40 42 5 73 75 32 24 50 0 87 84 100 96 100 37 75 39 57 15 78 3 67 43 70 90 48 4 31 80 49 5 62 49 42 65 89 1 39 98 72 9 7 60 85
19 66 26 25 12 91 31 91 35 65 35 99 87 65 100 17 21 31 74 8 20 75 72 49 12 95 39 80 25 1 49 3 56 15 95 80 44 9 7 67 5 19 20 82 28 72 71 100 89 52
82 78 89 31 71 30 68 1 42 21 59 75 37 96 70 4 36 86 78 59 67 98 81 61 51 41 33 94 71 94 40 24 10 100 70 66 67 4 47 47 27 51 90 22 37 58 56 94 45 80
94 48 41 13 30 56 78 2 66 98 66 10 17 71 37 51 51 97 7 7 31 91 39 6 50 30 92 59 87 12 83 51 9 40 15 72 52 63 4 71 62 26 35 46 42 37 70 16 63 8
58 0 99 10 49 99 83 46 59 19 45 68 76 40 61 74 90 19 81 18 40 100 100 7 65 2 100 96 69 91 3 87 88 90 46 77 93 42 9 29 89 97 48 41 35 28 11 48 43 13
17 0 89 28 88 32 94 97 88 21 72 72 97 66 85 0 49 66 7 16 51 54 14 84 95 79 10 3 41 57 93 41 7 42 72 78 8 6 12 83 31 2 66 90 42 33 14 89 66 62
65 24 65 99 100 0 11 52 73 3 54 70 72 54 69 84 27 43 9 5 19 26 18 24 29 4 53 14 57 83 94 15 8 56 51 4 21 100 29 40 46 45 51 4 56 7 3 71 9 45
23 77 56 83 0 4 17 85 55 13 19 80 34 27 87 64 59 93 78 4 24 33 79 54 19 75 7 15 99 30 93 69 39 20 93 97 48 50 100 49 82 4 2 17 65 0 58 65 55 68
39 81 100 12 14 12 45 99 49 99 91 44 3 76 85 97 96 83 83 15 46 31 9 67 0 73 9 89 35 39 39 37 100 4 46 72 71 14 68 37 75 55 83 43 69 56 22 14 55 84
31 79 49 1 47 49 42 87 61 83 18 4 17 56 75 17 22 13 8 32 72 74 12 20 83 22 53 20 93 79 74 35 19 27 47 38 10 22 93 70 23 62 28 66 82 19 77 58 44 71
33 67 8 46 27 31 0 62 22 10 32 10 39 7 78 92 67 32 6 37 82 63 65 94 99 77 12 99 92 5 100 44 100 83 96 18 34 28 21 4 77 43 72 19 100 9 86 29 45 88
100 57 89 98 79 26 75 86 4 90 64 28 51 100 74 71 46 46 76 87 29 41 38 19 51 89 4 15 55 92 31 14 52 4 83 63 58 32 78 15 78 71 4 60 79 38 18 7 80 99
6 77 78 80 30 87 81 45 36 57 90 87 74 36 65 29 41 22 54 90 88 24 76 35 86 2 58 97 22 24 98 44 87 57 71 81 79 43 48 93 86 63 52 29 26 30 5 66 75 22
4 72 52 89 91 67 39 47 89 31 31 58 20 23 1 12 14 78 62 6 13 37 21 56 29 9 56 95 22 93 23 53 15 50 45 32 91 65 49 96 89 51 64 10 40 67 70 95 1 12
88 90 44 36 81 19 45 71 49 49 38 95 70 70 68 89 29 21 90 52 34 66 68 45 22 81 13 80 12 20 88 25 11 89 74 73 82 25 88 25 18 91 60 88 44 92 1 44 28 15
87 57 8 69 8 79 72 80 67 93 20 20 46 93 31 3 46 17 94 15 100 81 84 38 23 68 16 5 38 46 82 15 30 96 56 12 53 75 97 40 76 84 82 33 66 11 11 35 89 41
36 31 94 29 46 5 48 5 58 96 46 10 59 70 87 74 8 90 46 84 12 50 48 39 84 3 88 33 53 63 0 58 89 5 41 67 69 39 99 91 67 8 75 53 81 64 48 80 27 39
88 67 62 41 2 0 26 36 10 8 31 76 95 50 42 50 7 17 48 12 45 8 0 46 0 50 8 92 60 60 41 40 1 74 60 27 12 88 35 51 39 90 0 78 48 100 43 11 36 92
3 65 79 56 37 9 37 9 75 97 52 6 22 37 60 91 91 73 69 25 84 48 25 100 98 48 9 11 38 88 39 24 37 23 75 75 59 68 16 6 58 19 73 60 61 85 57 16 14 30
29 39 47 0 3 26 100 55 27 56 9 20 10 0 19 10 84 24 44 93 29 86 8 5 81 63 37 29 49 75 78 88 77 63 27 78 56 3 64 40 75 38 62 44 0 89 14 95 85 84
98 51 80 9 40 17 78 3 38 44 22 52 58 11 65 99 54 46 70 96 90 77 99 44 23 2 19 60 37 85 65 40 13 50 94 53 42 15 89 48 11 99 16 76 68 73 1 8 47 73
29 61 99 53 81 33 50 27 85 21 58 46 89 87 87 63 84 53 53 18 64 71 26 67 33 28 24 91 87 94 57 62 60 55 94 15 70 11 68 13 53 91 39 97 11 81 9 23 51 51
42 98 0 39 1 1 9 28 69 65 47 85 69 15 49 2 16 80 36 97 32 72 82 81 59 43 89 26 37 34 88 52 18 21 82 38 70 99 10 91 71 99 68 45 20 38 23 45 61 7
9 53 39 35 42 97 13 58 60 70 8 51 94 46 65 3 45 28 38 36 98 61 65 0 61 31 13 42 95 58 60 13 39 0 100 38 80 75 38 54 89 45 42 87 87 53 71 20 11 91
21 43 22 46 10 34 54 35 79 8 30 97 53 58 91 32 36 50 54 70 60 57 18 32 22 30 20 60 3 3 9 53 92 43 76 99 1 68 26 90 1 67 56 28 14 78 72 31 70 3
35 31 10 8 85 30 78 81 99 13 0 29 99 46 74 5 8 63 26 76 54 27 82 62 10 93 68 31 86 51 68 74 50 25 51 63 13 85 42 73 11 27 2 98 95 7 53 77 31 32
73 12 7 14 99 69 39 36 15 6 23 73 1 8 92 18 65 100 52 76 99 14 93 19 13 99 56 68 27 57 21 4 73 78 98 51 93 40 100 33 19 29 18 46 88 44 30 55 76 79
5 53 71 39 32 7 57 15 100 59 56 27 89 12 1 63 21 100 24 100 10 62 95 10 72 28 100 88 5 10 25 33 55 94 36 95 17 80 8 72 98 19 73 18 91 74 17 51 50 11
15 14 61 38 13 61 85 44 15 72 77 54 33 42 11 5 25 39 54 16 82 79 99 13 79 86 45 98 2 10 35 52 50 32 53 92 26 91 44 91 57 29 29 44 55 55 62 44 7 30
40 33 77 76 79 28 76 97 30 85 78 89 22 22 3 66 28 93 16 44 88 1 78 68 68 89 98 46 12 34 99 97 34 80 91 25 19 82 70 54 5 16 38 85 56 30 75 45 86 75
24 82 47 85 78 90 79 77 92 20 97 76 29 89 79 22 51 29 9 34 93 46 29 65 84 85 33 24 81 61 79 98 22 54 90 69 40 1 14 11 84 90 28 67 29 21 25 25 14 27
87 61 98 34 74 95 28 83 84 9 86 37 57 62 45 9 66 45 59 18 74 49 12 73 67 93 31 98 6 41 54 43 54 88 83 1 95 43 30 84 32 78 73 86 37 92 72 23 81 75
20 78 25 77 5 38 38 38 94 74 28 81 15 18 35 18 50 5 1 66 4 100 19 28 6 72 37 86 81 15 90 4 22 83 91 20 11 21 100 17 88 29 79 14 97 67 77 61 20 67
53 7 65 23 29 72 5 82 22 72 77 59 86 29 45 96 78 36 75 31 78 19 6 23 96 55 20 13 14 86 29 73 11 98 27 47 37 25 39 40 96 9 75 32 58 78 96 72 78 17
26 5 93 77 84 66 44 54 2 8 24 81 3 93 24 24 83 36 68 25 57 72 19 19 39 51 96 86 57 45 3 81 34 0 85 3 2 49 87 18 41 83 93 70 50 52 10 0 79 91
84 76 54 38 72 20 64 70 89 61 19 42 44 60 30 23 88 43 62 37 12 55 80 68 42 77 41 54 23 26 87 44 37 98 4 11 43 1 94 44 38 20 72 78 47 89 13 45 25 64
80 15 46 79 77 89 0 48 82 30 68 64 71 76 10 57 58 63 21 63 87 42 44 98 59 30 37 80 15 32 33 15 56 31 32 8 19 28 0 14 31 86 86 40 14 33 59 8 88 52
37 35 86 69 96 77 45 83 43 26 84 88 75 17 10 63 17 41 60 6 76 13 79 56 23 88 38 81 76 56 97 98 23 78 90 44 99 98 56 47 44 42 51 96 21 72 69 44 67 26
54 64 50 26 44 86 18 41 17 82 70 26 19 92 33 50 17 77 31 81 71 26 35 44 59 32 50 47 59 28 19 92 33 90 0 41 9 76 84 7 21 40 51 22 77 59 27 46 18 84
63 91 10 60 33 72 97 63 25 82 2 95 87 25 54 17 79 2 12 7 62 87 62 7 43 8 72 80 90 73 1 70 71 96 20 36 58 52 58 73 6 89 20 31 86 8 49 10 69 1
24 96 11 36 42 45 25 10 67 37 93 44 100 86 11 43 56 58 92 12 60 8 70 27 90 79 37 34 89 48 90 84 86 86 57 67 48 86 32 72 72 60 52 22 19 75 62 82 53 91
76 55 72 30 63 74 9 75 53 68 13 64 42 56 91 47 70 39 88 65 2 27 97 10 45 21 37 29 79 25 92 70 46 78 0 98 2 99 20 70 14 56 5 20 82 47 67 52 71 98
34 40 29 0 77 90 52 22 28 83 64 56 9 53 55 8 18 20 44 79 97 56 91 46 47 81 53 50 90 37 29 48 12 72 14 7 55 99 78 80 22 82 5 93 62 73 8 36 46 62
13 65 31 39 76 100 89 3 2 83 39 4 68 2 1 42 16 74 83 90 91 60 4 38 43 46 92 40 4 25 58 97 28 7 24 85 29 89 93 14 9 9 80 36 13 64 33 24 64 85
22 74 55 48 95 77 64 49 57 94 2 65 79 29 19 96 41 25 89 93 93 89 76 69 18 30 72 33 80 48 92 32 66 87 57 96 19 3 43 14 6 45 39 26 14 29 88 78 13 70
