80
52 50 30 9 95 53 20 52 99 26 67 82 3 94 92 37 51 56 54 45 3 29 13 72 51 9 96 27 89 34 21 20 44 45 63 62 47 44 78 25 83 32 1 42 17 41 12 23 57 29 67 90 85 14 44 24 99 92 22 39 44 16 46 37 9 16 35 3 81 4 21 11 84 7 39 1 40 50 80 53
64 40 71 48 88 25 41 75 95 87 88 61 46 69 8 13 81 89 99 43 2 21 91 21 91 75 96 10 77 71 84 91 16 59 9 55 2 96 90 63 37 98 54 61 79 47 21 32 50 99 2 76 70 98 74 35 79 45 42 49 74 77 54 95 26 39 96 41 89 85 17 14 0 38 51 59 24 36 7 80
23 81 62 32 87 8 66 46 50 4 68 75 40 51 10 17 33 34 94 14 72 47 2 74 14 95 60 4 9 89 4 83 41 13 74 5 95 50 94 83 79 26 73 70 70 59 97 78 25 96 49 88 98 58 53 50 90 36 8 100 12 38 10 19 16 50 70 46 6 81 14 13 33 56 89 63 10 94 11 47
64 44 3 12 42 98 88 94 72 47 5 77 33 28 33 78 41 27 17 2 32 98 48 35 56 45 19 82 21 27 71 15 88 23 12 26 69 48 100 43 86 42 68 99 100 81 27 77 61 16 70 44 45 4 61 54 79 6 85 73 87 39 94 64 26 35 46 29 2 66 17 99 0 69 99 20 76 9 80 16
99 40 74 74 72 33 69 58 65 5 76 76 14 78 86 19 3 31 37 64 67 38 66 20 45 38 89 75 67 4 79 89 60 23 69 67 30 72 35 66 94 4 73 100 63 32 49 11 58 2 61 16 95 5 63 17 89 24 64 4 43 90 22 56 78 97 87 79 42 35 83 53 29 79 11 25 66 81 89 37
89 80 63 17 33 71 53 60 71 25 18 66 80 50 66 99 29 39 5 87 45 95 90 1 87 60 32 78 73 59 15 96 64 88 78 34 48 71 11 78 53 41 57 26 34 26 55 48 5 23 85 88 71 99 79 16 88 18 52 23 72 66 97 80 4 10 68 45 36 33 95 37 83 30 11 86 80 35 65 71
73 8 61 39 8 32 80 51 94 21 2 28 68 97 72 25 34 94 97 95 59 79 99 92 67 77 92 70 78 78 15 14 3 27 15 60 21 14 77 11 67 58 16 2 34 78 52 60 65 53 29 98 10 10 29 89 40 55 38 8 87 44 0 38 31 35 60 84 99 38 93 51 78 78 54 4 70 97 46 35
85 62 48 74 78 48 31 1 22 21 66 83 98 50 1 48 2 2 35 31 64 25 17 12 27 20 84 2 15 100 14 60 71 52 51 43 71 38 0 48 29 16 54 9 20 39 85 26 95 37 27 18 66 2 57 93 96 61 88 97 24 28 55 2 54 69 38 13 71 76 39 37 59 11 57 84 57 36 97 43
6 80 51 73 18 42 60 90 3 47 3 24 95 34 61 54 90 45 25 56 31 71 22 61 14 30 73 84 91 35 92 25 67 14 33 80 70 24 33 55 52 9 100 16 32 16 72 77 3 78 42 97 69 39 5 74 82 11 18 66 84 65 82 24 56 36 47 81 64 84 94 76 36 32 39 61 34 54 75 11
28 45 64 2 50 22 81 20 8 40 92 15 75 25 45 68 93 59 61 43 80 12 52 39 62 70 57 92 42 68 11 69 46 99 81 3 23 18 46 53 47 78 85 28 53 91 15 27 15 24 94 34 29 97 17 12 91 23 21 94 83 37 20 32 96 14 35 65 33 13 88 16 31 69 43 93 50 34 8 27
46 65 34 71 75 95 56 96 4 66 28 100 28 98 29 75 13 42 12 51 98 60 35 14 32 81 43 2 10 79 46 17 79 32 44 80 56 3 92 40 28 60 53 18 33 24 72 59 99 70 86 71 17 55 16 42 60 55 31 85 24 22 49 85 35 69 71 19 50 18 45 88 39 67 50 2 69 60 20 60
40 6 58 100 6 4 84 9 60 74 85 80 45 61 82 31 42 87 3 76 46 4 64 92 20 93 80 43 88 51 55 91 30 27 56 21 58 34 55 81 94 42 45 87 26 99 30 95 45 33 5 64 61 94 57 58 19 89 52 12 85 8 22 16 70 45 7 21 99 75 62 29 19 81 72 18 94 37 73 95
38 61 93 87 95 59 46 65 53 77 46 89 19 78 59 8 70 93 74 1 6 12 16 86 51 58 73 49 36 33 54 71 35 43 93 71 97 30 48 67 84 44 55 17 98 87 23 40 95 71 71 21 4 65 10 22 90 57 53 75 15 20 44 37 57 18 98 34 85 51 8 10 52 47 44 1 10 73 22 99
60 78 79 64 80 48 33 44 46 64 96 0 20 38 49 22 31 68 80 92 79 44 86 69 5 98 34 61 4 45 9 8 99 55 82 31 17 55 100 100 12 89 18 88 92 84 91 3 99 55 55 64 89 13 21 84 11 86 41 45 76 96 75 17 37 48 44 6 18 79 87 76 13 75 49 13 37 14 83 52
0 8 33 33 34 33 8 26 11 96 49 83 11 82 46 17 18 51 68 10 96 29 10 79 75 77 15 75 45 62 83 62 13 95 62 100 73 63 27 22 60 70 53 94 27 53 40 91 18 69 61 8 70 48 29 87 57 83 13 46 46 33 59 18 19 96 88 87 14 86 36 63 11 90 74 25 18 99 43 33
47 84 77 63 55 61 76 55 91 36 25 29 92 85 73 59 19 93 45 86 18 35 38 40 98 59 66 62 90 24 54 68 82 98 57 82 34 0 76 55 16 89 40 83 100 17 46 96 55 60 87 98 83 79 34 57 80 89 33 10 98 19 61 80 47 0 93 86 15 67 85 96 69 51 100 43 17 86 54 94
75 28 28 63 5 60 36 75 90 19 18 96 85 88 14 48 90 78 64 33 31 54 12 59 36 70 91 22 68 58 73 38 97 20 50 94 0 94 0 4 21 81 83 11 26 43 73 99 86 11 98 13 93 61 42 55 30 23 92 85 99 3 88 2 6 88 55 91 95 12 55 49 82 90 46 97 53 82 71 67
86 81 60 45 42 100 35 71 66 94 89 74 51 26 56 69 33 90 77 45 88 53 66 70 50 73 53 68 43 9 63 19 42 46 95 17 53 45 18 55 11 6 36 59 66 64 43 72 4 50 80 89 45 28 78 79 63 37 65 98 72 28 72 54 9 48 30 12 94 73 92 90 5 25 71 77 88 98 74 5
67 19 18 70 35 20 50 89 68 71 73 35 25 95 60 43 51 42 41 95 2 54 16 18 3 53 51 82 71 87 91 1 99 32 86 35 17 53 76 76 18 35 35 32 23 26 100 99 23 80 35 15 27 62 21 50 62 88 88 85 56 53 8 77 55 17 0 10 53 38 72 90 19 4 8 55 46 36 31 59
32 99 20 34 22 29 96 98 46 78 44 2 60 36 16 6 11 73 72 6 96 46 25 42 4 83 96 38 43 30 13 46 36 18 54 2 53 10 62 14 2 76 62 22 95 84 72 53 20 99 61 96 32 34 69 57 88 38 52 43 34 44 13 48 3 70 61 46 9 46 12 61 14 7 66 75 55 51 96 70
77 92 14 5 59 79 37 64 6 56 70 37 96 11 29 21 79 99 0 94 17 47 41 55 11 94 9 64 45 51 2 31 62 16 56 85 42 62 63 99 44 37 77 58 91 15 62 52 83 36 69 66 49 28 1 42 83 25 89 35 96 96 20 61 14 24 71 6 66 57 28 39 60 9 48 58 51 59 1 44
93 37 33 11 40 74 28 41 73 3 80 24 63 51 26 58 48 39 66 14 11 40 78 27 93 4 31 13 11 52 38 88 54 8 86 6 74 76 8 37 42 43 58 18 78 42 48 22 78 44 45 78 5 35 54 18 22 28 96 98 96 25 27 72 37 28 50 55 10 85 33 56 8 19 93 78 99 46 28 28
46 19 37 49 80 75 52 8 4 7 87 80 6 6 24 66 42 8 14 25 81 4 81 19 52 1 26 4 57 39 67 99 65 46 66 78 44 57 4 1 92 64 55 45 74 84 32 77 46 16 36 90 91 48 23 17 34 24 79 90 86 57 57 86 81 45 32 72 6 44 91 47 37 10 62 94 10 84 21 53
94 86 35 100 75 81 92 91 78 80 29 10 40 32 93 56 35 10 9 55 45 74 20 71 65 26 85 87 72 32 8 33 61 40 91 63 71 46 21 1 47 83 69 37 77 47 45 15 69 79 1 61 42 36 73 27 1 33 13 91 40 38 62 72 10 51 16 56 15 12 61 45 86 47 95 99 28 31 76 10
1 90 65 67 26 28 59 28 93 76 62 4 26 14 72 25 85 47 62 5 4 38 38 66 40 69 91 52 69 44 4 0 26 94 24 51 13 7 11 33 31 57 15 21 20 17 30 7 40 45 36 27 86 29 24 81 64 46 74 19 7 98 11 11 18 35 3 22 74 84 25 64 99 54 44 100 36 100 68 7
31 10 53 78 13 27 24 53 95 87 77 8 25 33 8 62 70 84 16 50 22 5 75 91 31 91 56 49 36 48 42 78 26 94 32 85 33 84 59 96 91 35 31 78 20 61 69 89 31 79 59 81 37 50 53 99 55 78 73 16 70 78 25 46 59 29 46 21 98 26 57 46 65 95 83 90 11 48 18 24
42 99 53 26 24 4 29 18 7 7 37 55 17 20 74 71 58 98 34 85 25 62 65 37 90 51 8 38 2 40 35 32 41 59 75 73 88 100 15 87 35 57 82 37 100 95 53 35 19 46 15 79 24 14 35 3 47 62 70 64 84 38 21 72 18 71 58 31 21 78 77 22 36 99 57 42 89 62 20 74
51 16 8 99 3 3 3 17 27 30 0 53 78 78 81 70 33 4 54 75 40 77 15 55 62 53 62 1 88 4 49 18 80 51 31 54 94 6 11 78 27 64 34 4 15 7 81 65 18 63 24 72 72 10 21 0 14 55 16 26 16 5 60 12 75 49 75 19 95 4 35 8 11 100 99 78 94 51 45 23
89 24 14 12 64 15 74 69 25 78 88 10 17 50 84 95 6 45 74 66 34 30 96 82 66 16 6 66 90 76 55 82 51 72 7 1 63 32 1 47 38 57 7 57 11 84 68 4 75 54 7 90 85 0 44 79 49 79 85 95 37 99 5 25 20 25 70 4 55 31 47 73 57 6 53 24 83 9 21 17
91 5 56 88 97 34 90 94 45 73 69 82 34 99 67 16 25 17 42 69 8 70 2 94 43 63 53 77 12 24 98 51 31 58 87 71 0 85 32 33 94 99 24 54 77 7 35 24 16 62 28 27 37 80 3 53 98 45 64 18 55 39 37 51 25 47 57 87 79 38 82 73 62 5 27 32 41 92 64 58
48 94 28 78 71 58 62 90 12 24 96 69 31 10 75 53 26 7 78 40 84 81 94 19 87 86 42 27 64 39 87 30 56 66 96 1 39 11 37 11 36 63 25 100 84 83 1 21 24 78 30 3 9 58 90 82 35 97 29 31 87 76 60 32 70 39 28 65 54 50 69 18 49 52 34 37 29 10 80 74
86 68 93 32 94 17 60 7 73 48 64 72 9 71 99 29 75 74 38 55 10 81 45 54 52 22 78 72 48 1 29 59 16 80 32 64 13 67 17 45 26 65 8 99 95 24 90 42 68 59 41 97 56 79 9 53 52 100 40 46 28 39 81 98 43 19 52 51 72 90 96 37 50 63 12 100 85 98 44 7
34 24 30 53 59 41 9 69 80 95 43 31 44 16 100 100 59 36 48 59 45 1 28 2 12 35 65 93 50 97 5 82 62 28 15 31 65 5 15 78 44 71 36 13 57 45 4 92 28 18 82 97 69 36 65 8 56 33 85 4 56 39 35 87 2 18 90 5 63 93 81 40 89 77 9 41 8 97 44 87
61 19 51 8 22 5 44 95 3 22 36 67 95 89 12 3 60 62 68 13 77 53 50 14 31 75 31 5 27 34 21 7 55 34 29 77 25 73 10 7 81 50 72 9 80 32 44 42 4 92 7 36 30 46 57 82 26 37 56 65 52 94 64 34 51 100 50 71 35 43 92 36 7 80 31 89 28 77 91 67
69 89 43 11 22 61 97 18 48 26 30 66 26 80 3 50 50 16 85 16 76 22 39 68 29 59 86 61 28 32 24 71 61 43 86 14 29 99 50 57 59 78 56 56 68 41 5 96 70 85 1 41 58 37 62 64 15 37 16 0 73 87 2 59 13 27 61 27 23 53 51 46 55 74 95 82 84 22 73 0
82 36 74 7 40 75 49 5 16 83 82 12 21 13 56 69 98 56 55 40 69 33 11 99 82 11 38 88 61 99 1 73 4 26 28 8 23 62 55 49 21 95 49 21 88 26 19 23 5 8 86 76 11 70 46 63 93 26 66 49 50 80 91 69 58 67 17 32 33 63 83 71 21 22 18 27 21 68 44 45
11 9 37 87 42 97 56 28 7 99 48 80 67 12 57 77 88 47 38 36 3 89 67 78 31 39 24 31 93 43 60 92 41 2 38 56 82 14 33 10 72 89 14 27 8 0 12 91 98 8 25 57 98 33 95 32 83 22 24 14 11 85 58 17 55 75 21 87 73 80 42 74 74 89 33 56 91 2 94 11
96 56 94 24 61 7 83 63 57 68 100 28 77 26 55 96 53 42 20 18 64 63 96 86 90 94 6 34 41 33 65 67 4 28 82 57 15 34 13 87 95 58 82 10 91 77 27 26 70 77 70 3 58 64 30 18 53 68 91 40 77 23 55 40 96 71 91 21 79 81 88 33 76 35 93 94 13 98 49 80
62 88 61 100 66 9 39 99 5 74 25 38 90 97 23 88 100 55 20 9 75 7 42 91 44 97 96 8 56 4 3 80 37 37 22 100 67 85 40 54 26 39 59 51 47 69 18 71 71 41 79 40 27 15 100 57 87 24 96 68 27 35 57 66 69 72 36 5 44 16 47 3 47 1 36 19 4 84 94 61
71 37 83 63 28 54 79 78 30 79 63 24 40 25 14 28 93 80 27 90 23 91 27 71 48 92 16 5 4 94 42 100 27 6 3 64 45 44 2 85 57 61 38 36 97 62 44 72 74 74 65 68 86 96 55 90 40 88 34 1 70 10 41 36 57 47 83 71 2 17 30 8 14 86 78 46 9 27 68 26
46 29 5 57 18 10 70 67 40 81 6 58 3 69 89 54 76 89 23 8 100 99 85 23 4 59 55 26 86 73 65 74 27 21 29 30 23 46 82 38 0 6 9 64 82 52 95 89 38 26 91 0 87 64 29 81 33 13 83 63 26 77 97 30 24 30 52 82 84 56 31 69 2 22 41 2 66 14 7 23
11 34 8 0 28 3 18 72 57 51 87 65 96 100 37 58 31 97 11 81 43 1 32 84 71 93 32 71 99 71 51 70 41 49 52 56 3 34 80 36 96 41 76 90 43 29 96 44 61 13 16 35 56 55 10 13 84 82 16 16 52 34 60 82 56 81 54 57 33 26 94 19 74 99 18 5 41 22 94 75
40 58 49 62 15 89 13 76 40 16 73 76 80 68 51 17 93 85 2 65 19 88 25 90 35 86 10 66 86 46 75 3 64 57 57 90 79 76 45 35 83 57 89 48 53 19 94 51 90 6 54 48 72 100 37 50 95 28 64 9 14 31 3 74 41 30 5 53 83 39 68 37 95 40 92 65 55 56 75 43
5 49 79 30 62 1 98 71 69 78 44 23 11 48 17 43 22 40 86 92 79 35 55 0 47 77 55 31 21 12 88 95 97 35 72 31 90 84 62 41 17 86 87 38 21 37 68 51 22 48 92 35 48 30 3 69 95 37 32 49 78 45 65 58 55 1 69 55 14 24 39 96 9 47 38 69 1 86 40 40
48 7 48 15 26 47 16 88 1 11 17 60 58 57 12 71 97 7 83 87 76 62 71 39 40 10 63 54 69 92 27 60 84 25 48 59 12 7 67 81 56 30 8 68 38 53 85 74 50 90 71 18 11 61 25 16 26 3 8 48 27 28 84 33 22 19 35 49 22 80 61 66 43 98 25 44 10 11 69 73
22 84 14 61 12 33 24 42 5 81 39 71 17 22 11 4 20 7 9 12 5 11 99 24 68 73 58 91 100 44 67 84 59 98 0 16 53 26 74 54 79 96 80 96 75 4 94 76 37 89 70 38 54 20 52 83 17 14 20 99 85 2 12 69 77 34 27 41 37 23 17 23 74 53 63 46 38 63 36 5
60 88 33 64 50 57 73 88 90 16 30 14 28 12 89 84 48 66 89 76 8 11 47 54 48 95 41 98 39 6 76 20 33 57 83 27 80 46 21 46 10 73 27 68 62 62 19 80 69 91 76 45 46 83 25 25 11 50 59 80 91 57 14 14 55 72 28 48 62 54 40 17 13 17 41 73 62 44 74 68
57 77 0 98 99 83 46 17 52 48 51 32 49 29 68 75 1 57 57 79 91 64 86 22 23 76 79 42 79 78 57 13 40 85 35 41 68 37 4 29 33 99 49 66 44 84 35 43 46 94 61 46 24 67 46 19 82 66 54 23 9 83 9 66 73 90 3 72 77 49 14 36 75 20 19 92 52 67 95 75
64 30 48 61 0 50 41 66 50 100 34 13 89 17 73 99 5 39 45 100 0 80 30 49 76 52 51 62 80 73 96 31 52 58 24 63 70 100 72 76 12 80 99 50 81 65 47 7 23 77 92 75 77 23 33 11 22 43 42 11 44 41 42 21 4 88 64 7 52 25 17 71 62 59 67 62 63 74 44 44
97 68 49 94 21 14 47 82 6 70 0 94 44 43 93 89 24 65 66 81 76 37 8 80 54 31 72 61 18 60 31 90 50 56 48 96 83 41 41 93 26 7 57 67 7 58 19 18 66 2 18 93 76 40 79 36 3 7 69 81 31 1 99 51 22 11 64 13 65 36 38 0 68 63 25 91 21 53 7 34
58 78 27 23 10 80 86 3 69 44 67 90 66 68 10 26 19 98 53 79 93 95 83 17 47 43 69 51 19 34 33 90 38 22 48 31 40 57 17 89 32 42 91 100 96 80 19 16 53 69 35 50 84 46 85 34 39 38 28 47 32 66 83 34 42 80 96 47 57 23 0 74 1 5 22 9 18 52 17 36
42 19 36 17 59 20 98 86 43 13 33 7 95 35 39 12 67 80 9 33 59 27 7 65 92 76 1 91 0 0 28 82 63 91 44 55 4 88 60 38 61 46 47 98 93 14 87 8 64 72 4 0 69 58 53 88 54 22 88 25 58 49 72 22 52 88 42 2 6 35 22 93 96 74 100 41 3 11 35 20
92 99 99 46 55 77 30 0 98 32 82 70 86 69 9 86 46 13 92 0 32 40 23 39 37 77 75 37 43 93 51 62 70 54 74 42 51 6 46 51 25 10 62 99 75 89 34 12 100 40 9 0 71 15 15 91 38 41 98 31 96 33 71 77 58 10 27 42 68 58 58 24 78 5 78 50 75 19 42 93
83 8 92 13 53 26 76 44 78 96 38 52 14 98 80 11 34 22 11 58 49 33 9 67 16 58 19 88 17 69 7 29 83 75 93 10 2 20 52 83 10 54 15 76 32 69 13 34 90 50 35 85 33 99 17 10 57 89 17 61 25 87 14 36 21 34 74 70 90 44 99 64 56 54 7 84 62 53 66 96
93 55 96 19 32 86 37 13 27 98 83 60 26 76 2 99 77 27 53 69 45 18 66 52 30 39 53 19 90 5 33 40 99 28 71 51 73 35 7 66 27 57 90 78 72 56 69 53 15 83 38 98 60 50 83 85 95 82 13 40 64 46 9 43 41 15 75 99 1 9 3 86 73 52 67 47 17 77 67 25
71 58 89 36 89 58 19 32 84 49 72 66 25 39 42 50 5 41 54 13 39 64 32 66 2 53 28 97 89 33 74 84 54 93 58 40 47 100 31 39 78 25 0 52 49 57 83 90 97 18 88 35 7 93 19 40 98 24 82 1 89 85 65 82 77 46 62 13 42 49 54 65 59 52 95 5 4 38 29 16
2 80 47 1 97 74 5 22 48 27 22 22 17 80 83 99 48 55 50 11 25 57 64 94 91 62 50 81 42 94 26 15 100 24 0 11 85 57 27 57 64 80 95 87 54 66 54 27 4 59 16 61 91 61 26 96 91 38 14 44 92 85 94 94 71 64 66 52 69 39 77 52 34 48 77 72 43 76 12 11
87 5 71 60 33 10 67 50 94 52 61 22 38 90 19 88 30 24 50 43 12 15 61 65 84 86 55 73 2 26 57 2 62 0 15 53 99 65 80 37 20 18 11 78 97 17 35 87 18 82 8 25 77 77 16 85 100 65 56 67 56 23 58 88 69 83 84 13 95 99 60 13 70 4 16 36 60 80 28 24
30 95 11 46 47 59 87 82 99 75 19 87 25 37 98 52 79 56 33 35 40 38 9 100 98 96 28 10 80 92 7 5 0 21 13 26 86 26 23 67 51 65 78 13 47 36 56 91 18 76 54 3 39 48 95 29 10 94 22 88 2 81 18 25 99 63 86 69 52 24 88 32 57 26 48 91 32 30 99 41
17 70 20 60 1 61 100 99 7 71 74 25 10 43 41 20 20 44 84 100 92 68 23 84 83 16 30 72 99 32 53 66 39 40 0 95 55 83 23 98 51 71 6 7 35 21 43 5 30 77 90 78 54 0 58 55 13 80 23 69 86 45 55 1 35 48 95 3 17 38 43 32 45 100 64 13 85 33 19 32
24 33 77 58 36 17 46 36 58 1 16 90 0 73 18 43 20 68 56 15 1 46 9 97 7 5 28 100 29 89 51 6 59 81 26 29 51 77 100 46 32 2 81 58 11 4 58 23 81 25 73 30 57 86 81 21 43 15 63 61 72 36 7 63 8 56 49 51 49 4 20 99 97 42 50 81 53 77 59 21
61 60 49 33 23 39 62 77 9 59 87 80 18 12 18 14 62 65 89 58 78 68 62 36 55 36 62 31 54 59 92 38 46 16 96 77 75 10 83 7 66 68 37 87 100 89 28 92 70 65 96 23 46 89 67 54 6 31 32 48 25 64 19 68 58 90 17 5 95 99 37 40 2 53 75 44 15 64 26 23
88 90 25 96 15 19 30 81 41 27 2 37 78 84 25 4 10 39 89 47 50 22 49 8 65 91 30 9 64 35 5 86 80 12 70 15 21 40 12 89 87 51 32 84 56 63 73 42 47 53 44 76 33 13 29 100 0 30 15 88 80 96 38 40 99 33 44 69 55 99 55 85 14 74 23 91 67 74 46 88
15 56 34 29 65 20 64 80 99 90 40 70 69 75 9 83 65 61 85 91 58 95 55 6 95 30 25 66 27 93 39 12 41 57 60 16 7 25 24 57 29 93 0 63 20 57 91 72 78 89 62 43 35 5 7 10 2 17 74 58 58 74 39 55 31 3 38 55 81 22 69 87 53 43 94 60 27 33 43 87
22 20 30 97 64 54 51 47 46 24 66 76 87 84 22 27 32 82 11 76 1 16 57 21 10 75 19 37 22 78 56 59 49 33 12 13 43 58 21 40 22 61 48 28 7 27 52 54 76 49 22 1 83 9 43 88 88 23 45 95 81 20 30 19 9 51 84 22 63 38 65 73 54 39 55 51 68 67 19 94
58 26 16 46 85 87 36 16 85 39 21 63 83 34 96 58 24 96 86 13 91 25 18 99 83 75 36 76 97 33 92 51 94 46 68 6 45 37 60 20 69 50 97 60 10 91 86 63 55 23 1 31 69 45 52 61 12 66 34 55 35 17 43 53 20 37 27 46 18 48 1 10 96 37 72 99 98 69 19 75
87 46 26 50 67 0 36 6 100 94 10 27 5 94 32 86 4 5 72 91 71 70 15 41 35 31 94 97 92 42 27 88 85 26 99 77 94 29 100 42 44 75 14 26 79 74 5 22 14 68 29 57 81 4 62 72 21 97 93 5 62 48 82 92 21 66 48 46 63 92 68 29 99 60 3 8 72 80 42 87
29 89 22 44 1 64 36 0 4 97 92 99 5 16 54 84 72 41 80 38 14 46 32 79 51 25 65 25 99 59 75 84 50 53 21 1 64 19 35 34 40 29 5 37 16 49 89 28 19 25 36 100 80 93 17 100 95 100 60 70 22 43 28 26 84 21 89 94 28 32 81 70 99 94 53 56 95 88 52 54
53 42 31 26 84 98 73 83 86 99 36 62 83 49 10 50 73 29 88 89 31 81 23 20 30 22 99 91 45 21 82 48 68 74 96 49 15 45 71 96 55 37 21 29 84 73 77 22 87 43 85 52 37 47 92 61 71 43 43 28 56 35 51 98 55 89 9 66 66 50 26 40 40 71 3 41 16 62 76 90
43 4 38 80 86 71 87 54 41 64 12 50 72 32 3 64 14 14 24 81 94 90 90 26 71 75 48 83 71 63 41 98 93 0 87 66 94 36 56 0 19 55 34 7 7 64 100 12 45 20 21 36 80 16 67 34 25 42 98 69 63 70 49 17 43 76 90 85 54 41 34 4 3 18 28 48 98 18 50 14
45 45 100 88 48 1 63 6 47 99 49 44 27 83 91 95 88 71 1 16 31 79 56 39 75 8 0 84 16 30 10 85 91 0 59 4 41 64 98 36 46 6 4 61 9 82 81 24 31 93 26 60 68 65 2 5 0 48 13 50 51 19 95 91 48 20 48 94 50 65 38 75 75 82 9 69 40 77 81 97
91 78 0 31 14 56 2 52 85 5 29 4 88 55 17 34 41 69 14 100 74 78 85 2 8 65 62 38 97 59 16 55 50 92 21 82 59 42 11 56 90 6 44 72 70 88 12 17 5 75 45 62 35 41 13 2 25 29 0 14 19 54 52 7 29 69 77 8 31 72 2 41 67 16 36 88 31 37 13 31
28 83 98 66 27 1 65 83 42 98 30 90 87 100 53 49 58 100 86 86 62 43 81 96 78 92 69 20 21 34 12 73 54 52 85 39 17 0 16 88 88 5 42 19 76 81 35 61 88 78 84 21 21 42 59 74 5 47 41 72 14 36 83 68 51 53 31 83 90 16 63 84 94 73 98 64 16 88 85 45
25 100 51 29 93 29 71 35 96 40 16 62 93 19 61 9 58 5 88 10 24 26 42 11 100 82 53 59 7 44 90 73 56 82 54 40 95 29 66 22 62 45 21 96 67 89 29 26 37 48 64 97 70 79 96 27 19 23 65 38 75 83 21 97 1 23 96 73 5 21 16 38 59 13 1 48 46 65 9 83
2 52 98 14 89 78 15 24 10 94 58 43 80 27 33 36 21 33 45 77 34 84 63 63 75 72 44 96 20 71 10 29 89 35 80 89 49 97 40 9 50 7 51 24 90 19 55 55 59 25 33 29 29 93 93 69 20 16 47 14 76 5 5 99 2 43 12 30 82 23 8 97 98 99 27 46 52 11 80 86
79 34 42 48 61 3 89 65 22 36 9 59 94 30 47 59 48 28 1 11 92 30 83 45 23 38 42 98 73 99 70 19 61 15 27 91 2 84 62 51 27 15 65 43 73 81 33 20 74 19 43 97 89 11 69 42 49 99 97 4 74 41 30 60 99 51 89 84 40 47 94 80 13 27 58 71 10 3 50 47
60 79 23 8 74 10 74 23 75 67 59 28 91 41 67 40 60 9 12 11 93 95 82 27 9 12 71 80 38 3 50 17 42 49 80 90 18 67 16 99 54 65 22 94 42 9 39 13 73 95 45 68 40 81 55 13 46 1 96 99 68 83 78 86 99 89 88 5 15 39 30 50 87 2 91 48 8 88 37 14
15 82 34 99 42 7 59 57 42 36 83 29 48 24 66 1 39 59 48 52 49 42 34 24 89 52 88 5 54 98 21 13 94 35 53 4 38 14 27 83 44 97 86 11 20 79 38 49 78 45 35 92 98 61 87 73 2 73 9 67 52 16 54 62 35 78 12 54 62 47 19 47 51 62 31 92 66 68 71 56
49 87 5 58 94 59 82 92 7 20 18 75 34 74 61 13 92 10 71 6 53 30 48 9 37 95 67 39 64 71 59 17 70 75 33 9 34 45 65 6 50 17 94 23 33 63 85 32 95 26 27 23 27 77 77 62 25 19 30 66 42 89 82 3 40 89 0 21 81 53 51 61 5 5 69 65 89 51 30 55
66 48 26 10 14 25 27 99 44 36 59 11 84 7 44 53 60 91 24 60 42 94 3 87 71 51 27 90 13 5 33 78 17 91 11 16 14 63 7 90 83 2 68 42 2 26 90 100 100 100 99 72 93 85 70 78 94 12 16 67 28 17 64 52 26 49 51 66 3 5 4 96 52 0 52 57 88 18 87 26
